1 1 1 1 0 1 0 0 1 0 1 1.557
1 1 1 0 1 1 0 0 0 0 1 1.451
0 0 1 0 0 1 0 0 0 0 1 0.92
1 0 0 1 0 1 0 0 1 0 0 2.387
1 1 1 0 0 1 0 0 1 0 1 1.185
0 1 0 0 0 1 0 0 0 0 0 1.727
1 0 0 1 0 1 0 0 0 0 0 0.9
1 1 1 0 0 1 1 0 0 0 1 1.264
1 0 0 0 0 1 0 0 1 0 0 0.811
0 1 0 1 0 1 0 0 1 0 0 1.707
0 0 0 1 0 1 1 0 0 0 0 1.213
0 1 1 1 0 1 1 0 0 0 1 1.099
0 1 0 1 1 1 0 0 0 0 0 1.012
0 1 0 0 1 1 0 0 0 0 0 1.45
0 0 1 1 0 1 1 0 0 0 1 1.271
0 1 0 1 0 1 0 0 0 0 0 2.402
1 0 0 0 0 1 0 0 0 0 0 1.091
0 0 0 0 1 1 0 0 0 0 0 0.837
1 1 0 1 0 1 1 0 0 0 0 1.974
0 0 1 1 0 1 0 0 1 0 1 0.88
1 1 1 0 0 1 0 0 0 0 1 0.679
0 0 1 1 1 1 0 0 0 0 1 1.647
0 0 1 1 0 1 0 0 0 0 1 0.711
0 1 1 1 0 1 0 0 0 0 1 0.996
0 0 0 1 1 1 0 0 0 0 0 1.602
0 0 1 0 1 1 0 0 0 0 1 0.836
0 0 1 0 0 1 0 0 1 0 1 0.648
0 1 1 1 1 1 0 0 0 0 1 1.397
0 1 0 0 0 1 0 0 1 0 0 0.718
0 1 0 0 0 1 1 0 0 0 0 1.039
0 0 0 0 0 1 1 0 0 0 0 0.617
0 0 1 0 0 1 1 0 0 0 1 1.253
1 1 1 1 0 1 0 0 0 0 1 0.942
1 1 1 0 1 1 0 0 0 0 1 0.869
0 1 0 0 1 1 0 0 0 0 0 0.567
1 1 1 0 0 1 0 0 0 0 1 0.917
0 1 0 1 0 1 0 0 1 0 0 0.782
0 0 1 0 0 1 1 0 0 0 1 0.812
1 1 0 1 1 1 0 0 0 0 0 1.495
0 0 0 0 0 1 1 0 0 0 0 2.262
0 0 1 0 0 1 0 0 0 0 1 1.796
0 0 1 0 0 1 0 0 1 0 1 1.672
1 0 0 0 0 1 0 0 1 0 0 0.934
1 1 1 1 0 1 1 0 0 0 1 1.214
1 1 1 0 0 1 0 0 1 0 1 1.763
0 0 0 1 0 1 1 0 0 0 0 1.885
0 0 1 1 1 1 0 0 0 0 1 1.854
0 0 1 1 0 1 1 0 0 0 1 3.071
1 1 0 1 0 1 1 0 0 0 0 1.043
0 1 0 0 0 1 0 0 0 0 0 0.821
1 0 0 0 1 1 0 0 0 0 0 1.434
0 1 0 1 0 1 0 0 0 0 0 1.508
0 0 1 0 1 1 0 0 0 0 1 1.025
0 0 0 1 1 1 0 0 0 0 0 1.154
0 0 1 1 0 1 0 0 0 0 1 0.784
0 1 0 0 0 1 0 0 1 0 0 1.116
1 0 0 1 0 1 0 0 0 0 0 1.131
0 1 0 0 0 1 1 0 0 0 0 0.84
0 0 1 1 0 1 0 0 1 0 1 1.699
0 0 0 1 0 1 0 0 1 0 0 0.123
1 1 1 1 1 1 0 0 0 0 1 0.884
1 1 1 0 0 1 1 0 0 0 1 0.832
1 0 0 0 0 1 0 0 0 0 0 0.873
1 1 1 1 0 1 0 0 1 0 1 0.781
1 1 1 1 0 1 1 0 0 0 1 2.456
0 0 1 0 0 1 1 0 0 0 1 0.65
0 0 0 1 0 1 1 0 0 0 0 2.869
1 0 0 0 1 1 0 0 0 0 0 2.338
0 0 1 1 0 1 0 0 0 0 1 0.576
1 1 1 1 0 1 0 0 1 0 1 0.774
1 0 0 1 1 1 0 0 0 0 0 1.487
1 0 0 0 0 1 0 0 0 0 0 1.3
0 1 0 1 0 1 0 0 1 0 0 1.239
0 1 0 0 0 1 0 0 1 0 0 0.79
1 0 0 1 0 1 0 0 0 0 0 0.966
1 1 1 1 1 1 0 0 0 0 1 1.092
1 1 1 0 0 1 0 0 1 0 1 0.779
0 0 1 0 0 1 0 0 0 0 1 1.166
1 1 1 0 0 1 1 0 0 0 1 2.182
0 1 0 0 1 1 0 0 0 0 0 1.063
1 1 1 0 0 1 0 0 0 0 1 0.739
0 1 0 1 0 1 0 0 0 0 0 0.838
1 0 1 0 1 1 0 0 0 0 1 1.02
0 0 1 0 0 1 0 0 1 0 1 0.606
0 0 1 1 0 1 0 0 1 0 1 0.644
1 1 0 1 0 1 1 0 0 0 0 1.271
1 0 0 0 0 1 0 0 1 0 0 1.04
0 0 1 1 1 1 0 0 0 0 1 1.562
0 0 1 1 0 1 1 0 0 0 1 2.033
0 0 0 1 0 1 0 0 1 0 0 1.359
1 1 1 1 0 1 0 0 0 0 1 1.499
0 1 0 0 0 1 1 0 0 0 0 0.885
0 1 0 0 0 1 0 0 0 0 0 0.748
1 1 1 0 1 1 0 0 0 0 1 1.458
1 1 0 1 1 1 0 0 0 0 0 1.403
0 0 0 0 0 1 1 0 0 0 0 2.058
0 0 1 1 0 1 0 0 1 0 1 0.847
1 0 0 1 0 1 0 0 1 0 0 2.274
0 1 0 1 0 1 0 0 1 0 0 2.111
0 0 0 0 0 1 1 0 0 0 0 1.456
0 1 0 1 0 1 0 0 0 0 0 2.047
0 0 0 1 0 1 0 0 0 0 0 1.205
0 1 1 1 1 1 0 0 0 0 1 1.172
0 0 0 0 0 1 0 0 1 0 0 0.63
1 1 1 0 0 1 0 0 0 0 1 0.955
0 1 0 1 1 1 0 0 0 0 0 0.783
1 1 0 1 0 1 1 0 0 0 0 1.493
0 1 0 0 1 1 0 0 0 0 0 1.094
0 1 1 0 0 1 1 0 0 0 1 1.562
1 1 1 1 0 1 0 0 1 0 1 1.045
1 0 0 0 0 1 0 0 0 0 0 0.676
0 1 0 0 0 1 0 0 1 0 0 0.672
0 0 1 0 0 1 0 0 1 0 1 0.447
1 1 1 0 1 1 0 0 0 0 1 0.826
1 1 1 1 0 1 1 0 0 0 1 2.066
1 0 0 1 1 1 0 0 0 0 0 1.499
0 0 1 0 0 1 1 0 0 0 1 0.8
0 0 1 0 0 1 0 0 0 0 1 0.608
0 0 1 1 0 1 0 0 0 0 1 0.742
0 0 0 1 0 1 1 0 0 0 0 1.106
1 0 0 0 1 1 0 0 0 0 0 1.559
1 1 1 0 0 1 0 0 1 0 1 1.912
0 0 1 1 1 1 0 0 0 0 1 0.791
0 1 0 0 0 1 1 0 0 0 0 0.739
0 1 0 0 0 1 0 0 0 0 0 1.4
0 0 1 1 0 1 1 0 0 0 1 0.579
0 0 1 0 1 1 0 0 0 0 1 0.744
1 1 1 1 0 1 0 0 0 0 1 0.997
0 0 1 1 1 1 0 0 0 0 1 0.676
1 1 0 0 0 1 1 0 0 0 0 0.967
1 0 0 0 0 1 0 0 0 0 0 0.853
0 1 0 1 0 1 1 0 0 0 0 1.725
1 0 0 0 0 1 0 0 1 0 0 0.837
1 1 1 1 0 1 0 0 1 0 1 0.937
0 1 0 0 0 1 0 0 1 0 0 0.66
1 0 0 1 0 1 0 0 0 0 0 1.113
1 1 1 1 1 1 0 0 0 0 1 0.936
0 0 0 0 1 1 0 0 0 0 0 1.102
0 0 1 1 0 1 1 0 0 0 1 1.77
0 0 1 1 0 1 0 0 0 0 1 0.668
1 1 1 0 1 1 0 0 0 0 1 0.81
0 1 0 0 0 1 0 0 0 0 0 0.774
0 1 1 1 0 1 0 0 0 0 1 0.053
1 1 1 0 0 1 0 0 0 0 1 0.574
0 0 1 0 0 1 0 0 1 0 1 0.837
0 1 0 1 0 1 0 0 1 0 0 0.943
0 0 1 0 1 1 0 0 0 0 1 0.719
0 1 1 1 0 1 1 0 0 0 1 2.528
0 1 0 1 0 1 0 0 0 0 0 0.945
0 1 0 1 1 1 0 0 0 0 0 0.981
0 0 1 1 0 1 0 0 1 0 1 0.609
0 1 0 0 1 1 0 0 0 0 0 0.217
0 0 0 1 1 1 0 0 0 0 0 0.942
1 1 1 0 0 1 1 0 0 0 1 1.43
1 0 0 1 0 1 0 0 1 0 0 1.134
0 0 0 0 0 1 1 0 0 0 0 0.706
0 0 1 0 0 1 1 0 0 0 1 0.668
0 0 0 1 0 1 1 0 0 0 0 0.597
0 0 1 0 0 1 0 0 0 0 1 0.677
1 1 1 0 0 1 0 0 1 0 1 0.743
1 1 1 1 0 1 0 0 1 0 1 0.906
0 0 1 1 1 1 0 0 0 0 1 0.825
0 0 1 0 1 1 0 0 0 0 1 1.245
1 1 0 0 0 1 1 0 0 0 0 0.996
0 1 0 0 0 1 0 0 1 0 0 0.657
0 0 1 0 0 1 0 0 0 0 1 0.64
1 1 1 0 0 1 0 0 0 0 1 0.636
0 0 0 1 0 1 0 0 1 0 0 2.086
0 0 1 0 0 1 1 0 0 0 1 1.109
1 1 1 0 0 1 0 0 1 0 1 0.935
0 0 0 1 0 1 1 0 0 0 0 0.798
0 1 1 0 0 1 1 0 0 0 1 0.659
0 1 0 0 0 1 0 0 0 0 0 0.645
0 0 0 0 1 1 0 0 0 0 0 1.303
1 0 0 0 0 1 0 0 0 0 0 0.848
0 1 0 0 1 1 0 0 0 0 0 1.991
0 1 0 1 0 1 0 0 1 0 0 1.718
0 0 0 1 1 1 0 0 0 0 0 2.353
0 1 1 1 0 1 1 0 0 0 1 1.65
0 1 0 1 0 1 1 0 0 0 0 1.67
1 0 0 0 0 1 0 0 1 0 0 0.678
0 0 0 0 0 1 1 0 0 0 0 1.88
0 0 1 1 0 1 0 0 1 0 1 2.026
0 0 1 1 0 1 0 0 0 0 1 1.065
1 1 1 1 0 1 0 0 0 0 1 1.228
1 1 1 0 1 1 0 0 0 0 1 1.831
0 0 1 0 0 1 0 0 1 0 1 0.613
0 0 1 1 0 1 1 0 0 0 1 0.768
1 1 1 1 1 1 0 0 0 0 1 0.955
0 1 0 1 0 1 0 0 0 0 0 0.707
0 1 0 1 1 1 0 0 0 0 0 0.683
1 0 0 1 0 1 0 0 0 0 0 1.419
0 0 1 0 0 1 0 0 0 0 1 0.481
1 1 1 0 0 1 0 0 1 0 1 0.613
0 0 0 1 1 1 0 0 0 0 0 0.678
0 0 1 1 1 1 0 0 0 0 1 0.845
0 0 0 1 0 1 0 0 0 0 0 1.726
0 1 0 0 0 1 0 0 0 0 0 0.576
0 0 1 0 0 1 1 0 0 0 1 0.917
0 0 1 1 0 1 0 0 0 0 1 1.173
0 1 0 0 1 1 0 0 0 0 0 1.183
0 1 0 0 0 1 1 0 0 0 0 0.591
1 0 0 0 1 1 0 0 0 0 0 0.96
0 0 0 1 0 1 0 0 1 0 0 1.226
0 0 1 0 0 1 0 0 1 0 1 0.687
1 0 0 0 0 1 0 0 1 0 0 0.703
1 1 1 1 0 1 1 0 0 0 1 0.81
0 1 0 1 0 1 0 0 0 0 0 0.671
1 0 0 0 0 1 1 0 0 0 0 0.775
1 1 1 0 1 1 0 0 0 0 1 0.677
0 0 1 0 1 1 0 0 0 0 1 0.715
0 0 0 1 0 1 1 0 0 0 0 1.437
1 1 1 1 0 1 0 0 0 0 1 1.2
1 1 1 0 0 1 0 0 0 0 1 0.642
1 1 0 1 0 1 1 0 0 0 0 0.946
0 1 0 1 1 1 0 0 0 0 0 1.07
1 1 1 1 0 1 0 0 1 0 1 0.776
1 0 0 0 0 1 0 0 0 0 0 0.802
0 1 0 1 0 1 0 0 1 0 0 1.908
0 0 1 1 0 1 1 0 0 0 1 1.082
0 0 1 1 0 1 0 0 1 0 1 0.824
0 1 0 0 0 1 0 0 1 0 0 0.903
0 1 1 0 0 1 1 0 0 0 1 1.078
0 1 1 1 1 1 0 0 0 0 1 0.385
1 1 0 0 1 1 0 0 0 0 0 0.749
0 0 0 0 1 1 0 0 0 0 0 1.055
1 0 0 1 0 1 0 0 0 0 0 0.708
1 1 1 0 0 1 1 0 0 0 1 0.653
0 0 1 0 0 1 0 0 0 0 1 0.636
0 1 0 1 1 1 0 0 0 0 0 2.178
0 1 0 0 0 1 0 0 1 0 0 0.928
0 1 1 0 0 1 0 0 1 0 1 0.553
1 1 1 0 0 1 0 0 0 0 1 0.845
0 0 0 1 0 1 1 0 0 0 0 1.359
0 1 0 0 0 1 0 0 0 0 0 0.493
0 0 1 1 0 1 0 0 0 0 1 0.652
1 1 1 1 0 1 1 0 0 0 1 0.969
1 0 0 0 0 1 0 0 1 0 0 0.619
0 0 1 0 1 1 0 0 0 0 1 1.024
0 1 0 1 0 1 1 0 0 0 0 1.901
0 1 0 1 0 1 0 0 1 0 0 1.131
1 0 0 1 1 1 0 0 0 0 0 1.293
0 1 0 1 0 1 0 0 0 0 0 0.387
0 0 1 1 0 1 1 0 0 0 1 1.037
1 1 1 1 0 1 0 0 1 0 1 0.869
0 1 0 0 0 1 1 0 0 0 0 0.977
0 0 1 0 0 1 0 0 1 0 1 0.554
0 0 1 0 0 1 1 0 0 0 1 0.874
1 1 1 1 1 1 0 0 0 0 1 0.848
1 0 0 0 0 1 1 0 0 0 0 1.051
0 0 1 1 0 1 0 0 1 0 1 0.708
0 0 0 1 0 1 0 0 1 0 0 1.195
1 1 1 0 1 1 0 0 0 0 1 0.953
1 1 1 1 0 1 0 0 0 0 1 1.545
1 0 0 0 0 1 0 0 0 0 0 0.65
0 0 1 1 1 1 0 0 0 0 1 1.442
1 1 1 1 0 1 0 0 1 0 1 0.518
0 1 0 1 0 1 0 0 1 0 0 0.851
1 0 0 1 0 1 0 0 0 0 0 0.973
0 0 1 0 0 1 0 0 0 0 1 0.635
0 0 0 0 1 1 0 0 0 0 0 1.529
0 0 0 1 0 1 0 0 1 0 0 1.557
1 1 1 1 0 1 0 0 0 0 1 2.136
0 1 0 0 0 1 1 0 0 0 0 0.87
0 0 1 1 0 1 0 0 1 0 1 0.832
1 0 0 0 0 1 0 0 1 0 0 1.033
1 0 0 0 0 1 0 0 0 0 0 1.106
0 0 1 1 1 1 0 0 0 0 1 0.839
1 1 0 1 0 1 1 0 0 0 0 1.24
0 1 1 0 0 1 1 0 0 0 1 2.31
1 1 1 0 1 1 0 0 0 0 1 0.828
1 0 0 1 1 1 0 0 0 0 0 1.92
0 1 0 0 0 1 0 0 1 0 0 0.641
0 1 0 0 0 1 0 0 0 0 0 0.769
1 1 1 0 0 1 0 0 1 0 1 0.69
0 1 0 1 1 1 0 0 0 0 0 1.762
0 0 0 1 0 1 1 0 0 0 0 0.981
0 0 1 0 0 1 0 0 1 0 1 0.582
1 1 1 1 1 1 0 0 0 0 1 0.826
1 1 1 0 0 1 0 0 0 0 1 1.113
0 1 0 0 1 1 0 0 0 0 0 0.68
0 1 1 1 0 1 1 0 0 0 1 3.084
0 0 1 0 0 1 1 0 0 0 1 1.035
0 0 1 1 0 1 1 0 0 0 1 1.248
0 0 1 1 0 1 0 0 0 0 1 0.845
1 1 0 1 0 1 0 0 0 0 0 2.172
0 0 1 0 1 1 0 0 0 0 1 0.648
1 0 0 0 0 1 1 0 0 0 0 0.823
