0 0 0 1 0 1 0 0 1 0 0 1.834
0 1 0 0 0 1 1 0 0 0 0 1.429
1 1 1 0 0 1 0 0 0 0 1 1.908
0 0 1 1 0 1 0 0 0 0 1 2.208
1 0 1 0 0 1 0 0 0 0 1 1.897
1 1 0 1 0 1 0 0 0 0 0 1.936
0 1 1 0 0 1 1 0 0 0 1 1.317
0 0 1 1 0 1 0 0 1 0 1 1.381
0 0 1 0 0 1 0 0 1 0 1 1.726
1 0 0 1 0 1 0 0 0 0 0 2.144
1 1 1 1 0 1 1 0 0 0 1 1.911
0 1 0 0 1 1 0 0 0 0 0 2.136
0 0 1 0 0 1 1 0 0 0 1 1.891
0 1 1 0 0 1 0 0 1 0 1 1.776
0 0 1 0 1 1 0 0 0 0 1 1.772
0 0 0 0 0 1 0 0 1 0 0 1.957
1 0 0 1 0 1 1 0 0 0 0 2.057
1 1 1 1 0 1 0 0 0 0 1 1.875
0 1 1 1 1 1 0 0 0 0 1 2.512
0 0 0 0 0 1 0 0 0 0 0 2.536
0 0 1 1 1 1 0 0 0 0 1 2.555
1 1 0 1 0 1 1 0 0 0 0 2.679
1 1 1 1 0 1 0 0 1 0 1 1.503
0 0 1 1 0 1 1 0 0 0 1 2.285
0 1 0 0 0 1 0 0 0 0 0 2.627
0 1 1 0 1 1 0 0 0 0 1 2.661
0 1 0 1 1 1 0 0 0 0 0 2.538
0 0 0 0 0 1 1 0 0 0 0 2.732
1 1 0 1 0 1 0 0 1 0 0 2.931
1 0 0 0 1 1 0 0 0 0 0 1.974
1 1 0 0 0 1 0 0 1 0 0 2.255
1 0 0 1 1 1 0 0 0 0 0 2.697
0 0 1 1 0 1 0 0 0 0 1 1.544
0 1 0 0 1 1 0 0 0 0 0 1.206
0 0 0 0 1 1 0 0 0 0 0 1.778
1 1 1 1 0 1 1 0 0 0 1 2.218
0 0 1 0 0 1 1 0 0 0 1 2.345
1 1 1 0 0 1 0 0 1 0 1 1.543
1 1 0 0 0 1 0 0 0 0 0 2.803
1 0 0 0 0 1 0 0 0 0 0 1.737
0 1 0 1 0 1 0 0 1 0 0 2.877
0 0 1 0 0 1 0 0 1 0 1 2.168
1 1 1 0 0 1 1 0 0 0 1 1.529
0 0 1 0 0 1 0 0 0 0 1 2.285
0 0 1 0 1 1 0 0 0 0 1 2.528
0 0 0 1 0 1 1 0 0 0 0 2.375
0 0 1 1 1 1 0 0 0 0 1 2.815
0 0 1 1 0 1 0 0 1 0 1 2.615
0 1 0 1 0 1 1 0 0 0 0 3.132
1 1 0 1 1 1 0 0 0 0 0 2.965
0 1 0 0 0 1 0 0 1 0 0 2.469
1 0 0 0 0 1 1 0 0 0 0 1.643
0 0 0 1 0 1 0 0 1 0 0 2.089
1 1 1 1 0 1 0 0 1 0 1 3.117
0 1 0 0 0 1 1 0 0 0 0 1.37
1 0 0 0 0 1 0 0 1 0 0 1.805
0 1 1 1 0 1 0 0 0 0 1 3.096
1 1 1 0 1 1 0 0 0 0 1 2.001
0 1 0 1 0 1 0 0 0 0 0 2.477
0 1 1 0 0 1 0 0 0 0 1 2.029
0 1 1 1 1 1 0 0 0 0 1 3.129
0 0 0 1 1 1 0 0 0 0 0 2.765
1 0 0 1 0 1 0 0 0 0 0 2.373
0 0 1 1 0 1 1 0 0 0 1 2.244
0 1 0 1 0 1 1 0 0 0 0 1.748
0 1 1 0 0 1 0 0 0 0 1 1.686
0 1 0 1 0 1 0 0 1 0 0 2.485
0 0 1 1 0 1 0 0 0 0 1 1.813
1 1 1 0 1 1 0 0 0 0 1 2.021
0 1 0 0 1 1 0 0 0 0 0 2.136
0 0 0 1 0 1 0 0 0 0 0 3.007
0 1 1 1 0 1 0 0 1 0 1 2.601
0 1 0 0 0 1 0 0 0 0 0 2.366
0 1 0 1 0 1 0 0 0 0 0 2.401
1 1 0 0 0 1 1 0 0 0 0 2.814
0 0 1 0 0 1 0 0 1 0 1 3.002
0 1 0 0 0 1 0 0 1 0 0 1.614
0 0 1 0 1 1 0 0 0 0 1 1.619
1 1 1 1 0 1 0 0 0 0 1 1.814
1 0 0 1 1 1 0 0 0 0 0 1.817
0 0 0 1 0 1 0 0 1 0 0 2.849
1 1 1 0 0 1 0 0 1 0 1 1.374
1 0 1 1 0 1 1 0 0 0 1 2.84
0 0 0 0 0 1 0 0 1 0 0 1.914
0 0 1 0 0 1 0 0 0 0 1 1.336
1 0 0 0 0 1 0 0 0 0 0 2.039
1 0 0 1 0 1 1 0 0 0 0 3.095
0 1 1 1 0 1 1 0 0 0 1 2.366
1 1 1 0 0 1 1 0 0 0 1 1.373
1 0 0 0 1 1 0 0 0 0 0 1.565
0 1 1 1 1 1 0 0 0 0 1 2.483
0 0 1 1 0 1 0 0 1 0 1 2.278
0 0 1 0 0 1 1 0 0 0 1 1.75
1 0 0 0 0 1 1 0 0 0 0 1.626
0 0 1 1 1 1 0 0 0 0 1 2.643
1 1 0 1 1 1 0 0 0 0 0 3.078
0 0 0 0 0 1 0 0 0 0 0 2.386
0 1 0 0 1 1 0 0 0 0 0 1.874
1 1 0 1 0 1 1 0 0 0 0 2.882
1 0 0 1 1 1 0 0 0 0 0 2.846
1 0 0 0 1 1 0 0 0 0 0 1.55
0 1 0 0 0 1 0 0 1 0 0 1.271
0 0 1 0 0 1 0 0 1 0 1 1.611
0 0 1 0 0 1 0 0 0 0 1 1.264
0 0 1 0 0 1 1 0 0 0 1 1.284
1 1 1 1 0 1 0 0 0 0 1 1.56
0 0 0 0 0 1 0 0 1 0 0 1.825
1 0 0 1 0 1 0 0 0 0 0 1.49
0 1 0 1 0 1 0 0 0 0 0 1.512
1 1 0 1 1 1 0 0 0 0 0 1.917
1 1 1 0 0 1 0 0 0 0 1 1.571
0 1 1 0 0 1 1 0 0 0 1 1.651
0 0 1 1 0 1 1 0 0 0 1 1.95
0 1 1 0 1 1 0 0 0 0 1 1.832
0 0 0 0 0 1 1 0 0 0 0 1.491
1 1 0 0 0 1 0 0 0 0 0 1.973
1 1 1 0 0 1 0 0 1 0 1 2.181
0 0 1 1 0 1 0 0 1 0 1 1.477
1 0 0 1 0 1 0 0 1 0 0 2.18
1 0 1 0 1 1 0 0 0 0 1 2.555
0 0 0 1 0 1 1 0 0 0 0 2.357
1 1 1 1 0 1 0 0 1 0 1 2.14
0 1 0 1 0 1 0 0 1 0 0 2.626
0 1 0 0 0 1 1 0 0 0 0 1.961
1 1 1 1 0 1 1 0 0 0 1 2.608
1 1 1 1 1 1 0 0 0 0 1 1.875
0 0 1 1 1 1 0 0 0 0 1 1.744
1 0 1 1 0 1 0 0 0 0 1 1.984
0 1 1 0 0 1 1 0 0 0 1 1.112
0 1 1 0 1 1 0 0 0 0 1 1.268
0 0 0 0 1 1 0 0 0 0 0 2.033
0 1 0 1 1 1 0 0 0 0 0 1.595
0 1 1 1 1 1 0 0 0 0 1 1.84
0 1 0 1 0 1 0 0 1 0 0 1.53
1 0 0 1 0 1 0 0 1 0 0 2.148
0 1 1 0 0 1 0 0 1 0 1 1.681
0 0 0 1 0 1 0 0 0 0 0 2.211
1 1 1 1 0 1 0 0 0 0 1 1.266
0 1 0 0 0 1 0 0 0 0 0 2.607
1 1 1 1 0 1 0 0 1 0 1 2.141
0 0 1 0 0 1 0 0 0 0 1 1.972
1 1 0 1 0 1 1 0 0 0 0 1.974
0 1 0 0 1 1 0 0 0 0 0 1.514
1 1 0 0 0 1 1 0 0 0 0 2.189
0 0 1 0 0 1 1 0 0 0 1 1.425
0 0 1 0 0 1 0 0 1 0 1 1.305
0 0 1 1 0 1 0 0 0 0 1 1.812
0 1 1 1 0 1 1 0 0 0 1 1.768
0 0 1 1 0 1 0 0 1 0 1 1.477
1 0 0 0 0 1 0 0 0 0 0 1.307
0 0 0 1 0 1 1 0 0 0 0 2.935
0 1 0 0 0 1 0 0 1 0 0 1.266
0 1 0 1 0 1 0 0 0 0 0 1.467
1 0 0 1 1 1 0 0 0 0 0 1.906
0 0 0 0 0 1 0 0 1 0 0 1.143
1 0 0 0 0 1 1 0 0 0 0 1.301
1 1 1 0 0 1 0 0 0 0 1 2.046
0 0 1 1 0 1 1 0 0 0 1 2.568
0 0 1 1 1 1 0 0 0 0 1 2.568
0 0 1 0 1 1 0 0 0 0 1 1.772
0 1 1 1 0 1 0 0 1 0 1 1.921
0 0 0 1 1 1 0 0 0 0 0 2.288
0 0 1 0 0 1 0 0 1 0 1 1.802
0 0 1 0 1 1 0 0 0 0 1 1.305
1 1 1 1 0 1 1 0 0 0 1 1.169
1 1 0 1 0 1 1 0 0 0 0 2.021
1 0 1 0 0 1 1 0 0 0 1 1.18
1 0 0 0 1 1 0 0 0 0 0 1.148
0 1 1 1 0 1 0 0 0 0 1 1.656
1 1 0 0 0 1 1 0 0 0 0 1.162
1 0 0 0 0 1 1 0 0 0 0 1.313
1 1 1 0 1 1 0 0 0 0 1 1.191
0 1 0 1 0 1 0 0 1 0 0 2.294
1 1 1 0 0 1 1 0 0 0 1 1.194
0 1 0 1 1 1 0 0 0 0 0 1.509
0 1 1 1 1 1 0 0 0 0 1 2.253
0 1 0 0 1 1 0 0 0 0 0 1.955
1 0 0 1 0 1 0 0 0 0 0 1.734
1 0 1 1 0 1 0 0 1 0 1 2.623
1 1 1 0 0 1 0 0 0 0 1 0.986
0 0 1 1 1 1 0 0 0 0 1 1.91
0 0 1 0 0 1 0 0 0 0 1 1.801
0 0 0 1 0 1 1 0 0 0 0 1.416
0 1 0 0 0 1 0 0 1 0 0 2.232
1 1 1 0 0 1 0 0 1 0 1 1.343
1 0 0 0 0 1 0 0 0 0 0 1.08
1 0 0 1 0 1 0 0 1 0 0 1.587
1 0 0 0 0 1 0 0 1 0 0 0.84
1 1 0 0 0 1 0 0 0 0 0 0.701
0 1 0 1 0 1 0 0 0 0 0 1.853
1 0 1 1 0 1 1 0 0 0 1 1.27
0 0 1 1 0 1 0 0 0 0 1 2.93
1 0 1 1 0 1 1 0 0 0 1 2.479
1 1 0 1 0 1 0 0 0 0 0 2.325
1 1 1 0 0 1 0 0 1 0 1 2.162
0 1 0 1 0 1 0 0 1 0 0 2.961
1 1 0 1 0 1 1 0 0 0 0 2.815
1 0 1 1 1 1 0 0 0 0 1 2.693
1 1 0 0 1 1 0 0 0 0 0 1.397
1 1 0 0 0 1 0 0 0 0 0 1.948
1 0 1 0 1 1 0 0 0 0 1 1.464
1 0 0 1 1 1 0 0 0 0 0 2.054
0 0 0 0 0 1 1 0 0 0 0 1.26
0 1 1 1 0 1 1 0 0 0 1 2.679
1 0 0 1 0 1 0 0 0 0 0 2.863
0 1 0 1 1 1 0 0 0 0 0 2.263
1 1 1 0 0 1 0 0 0 0 1 2.393
0 1 1 0 1 1 0 0 0 0 1 2.628
1 0 1 0 0 1 0 0 1 0 1 2.195
1 0 1 0 0 1 1 0 0 0 1 1.303
1 1 0 0 0 1 1 0 0 0 0 1.3
1 1 1 1 0 1 0 0 1 0 1 3.047
1 0 0 0 0 1 0 0 1 0 0 2.305
1 0 0 0 1 1 0 0 0 0 0 1.666
1 1 1 0 0 1 1 0 0 0 1 1.702
1 0 0 1 0 1 0 0 1 0 0 2.923
0 1 1 1 0 1 0 0 0 0 1 1.719
0 0 0 1 0 1 1 0 0 0 0 1.998
1 0 1 1 0 1 0 0 0 0 1 2.619
1 1 1 1 1 1 0 0 0 0 1 2.874
0 0 1 1 0 1 0 0 1 0 1 1.604
1 0 0 0 0 1 0 0 0 0 0 1.104
0 1 0 0 0 1 0 0 1 0 0 1.432
0 0 1 0 0 1 0 0 0 0 1 1.014
0 1 0 0 1 1 0 0 0 0 0 1.138
0 1 0 0 0 1 1 0 0 0 0 0.955
1 0 0 1 0 1 1 0 0 0 0 2.556
0 0 1 1 0 1 0 0 1 0 1 2.113
1 0 1 1 1 1 0 0 0 0 1 2.373
1 1 1 0 0 1 0 0 1 0 1 1.171
1 1 1 0 0 1 0 0 0 0 1 1.595
0 0 1 0 0 1 0 0 0 0 1 1.51
1 0 0 1 1 1 0 0 0 0 0 1.755
1 0 0 0 0 1 0 0 1 0 0 1.184
1 1 0 0 0 1 0 0 0 0 0 1.207
1 1 1 1 0 1 0 0 1 0 1 2.345
1 1 0 1 0 1 0 0 1 0 0 2.108
0 1 0 1 0 1 1 0 0 0 0 2.349
1 1 1 0 1 1 0 0 0 0 1 0.783
1 1 1 1 1 1 0 0 0 0 1 0.991
0 0 1 0 1 1 0 0 0 0 1 1.896
1 0 1 0 0 1 1 0 0 0 1 0.832
1 0 0 1 0 1 0 0 1 0 0 2.9
1 0 0 0 0 1 1 0 0 0 0 1.261
1 1 0 1 0 1 0 0 0 0 0 2.381
0 0 0 1 0 1 0 0 0 0 0 2.153
1 0 1 0 0 1 0 0 1 0 1 1.379
1 1 0 1 1 1 0 0 0 0 0 2.845
0 0 1 1 0 1 1 0 0 0 1 2.923
1 0 0 0 1 1 0 0 0 0 0 1.138
0 0 0 0 0 1 0 0 0 0 0 1.378
1 1 0 0 0 1 0 0 1 0 0 1.494
1 1 1 0 0 1 1 0 0 0 1 1.513
1 1 1 1 0 1 1 0 0 0 1 1.902
1 0 1 1 0 1 0 0 0 0 1 2.555
1 1 1 1 0 1 0 0 0 0 1 1.861
1 0 0 0 0 1 0 0 1 0 0 0.905
1 0 0 0 0 1 0 0 0 0 0 0.859
0 1 1 0 1 1 0 0 0 0 1 1.495
1 0 0 1 0 1 0 0 1 0 0 2.321
0 1 0 1 1 1 0 0 0 0 0 1.906
1 1 0 0 0 1 1 0 0 0 0 1.226
1 1 0 1 0 1 0 0 1 0 0 1.457
1 0 1 1 0 1 1 0 0 0 1 1.405
0 0 1 0 0 1 0 0 1 0 1 1.013
1 1 1 0 0 1 0 0 0 0 1 1.084
1 0 0 1 0 1 0 0 0 0 0 1.61
0 1 1 1 0 1 1 0 0 0 1 1.994
1 0 0 0 1 1 0 0 0 0 0 1.493
0 1 1 1 1 1 0 0 0 0 1 2.438
1 1 1 0 0 1 0 0 1 0 1 1.439
1 1 1 1 0 1 0 0 1 0 1 2.709
0 0 1 1 0 1 0 0 1 0 1 2.118
0 0 0 1 0 1 1 0 0 0 0 1.734
0 0 1 1 0 1 0 0 0 0 1 1.363
1 1 0 0 1 1 0 0 0 0 0 1.396
0 0 1 0 1 1 0 0 0 0 1 1.708
0 1 0 1 0 1 1 0 0 0 0 1.729
0 1 0 1 0 1 0 0 0 0 0 1.732
0 1 0 0 0 1 0 0 1 0 0 1.75
0 0 0 1 1 1 0 0 0 0 0 2.43
0 1 1 1 0 1 0 0 0 0 1 1.888
0 0 1 1 1 1 0 0 0 0 1 2.797
0 1 0 0 0 1 0 0 0 0 0 1.434
0 0 1 0 0 1 1 0 0 0 1 1.339
0 0 1 0 0 1 0 0 0 0 1 1.077
0 0 0 0 0 1 1 0 0 0 0 1.626
0 1 1 0 0 1 1 0 0 0 1 1.108
1 0 0 0 0 1 0 0 0 0 0 1.556
0 0 0 1 0 1 0 0 0 0 0 2.729
1 0 1 1 0 1 0 0 0 0 1 2.726
1 1 1 0 0 1 0 0 0 0 1 1.457
0 1 1 1 0 1 0 0 0 0 1 2.365
1 1 0 1 0 1 1 0 0 0 0 1.686
1 1 0 1 0 1 0 0 0 0 0 2.765
1 0 0 1 1 1 0 0 0 0 0 2.058
1 0 0 1 0 1 0 0 1 0 0 2.726
0 1 1 0 0 1 1 0 0 0 1 1.981
0 0 1 0 0 1 0 0 1 0 1 1.164
0 1 1 0 1 1 0 0 0 0 1 1.276
1 1 1 1 1 1 0 0 0 0 1 3.013
1 1 0 0 0 1 0 0 0 0 0 1.439
0 1 0 1 1 1 0 0 0 0 0 3.095
0 1 1 1 0 1 1 0 0 0 1 2.52
1 1 1 1 0 1 0 0 1 0 1 2.241
0 0 1 1 1 1 0 0 0 0 1 1.755
0 0 1 0 1 1 0 0 0 0 1 1.153
1 1 0 1 0 1 0 0 1 0 0 2.024
1 1 0 0 1 1 0 0 0 0 0 1.858
1 0 0 0 0 1 0 0 1 0 0 1.458
1 1 1 0 0 1 0 0 1 0 1 1.395
0 1 0 0 0 1 0 0 1 0 0 1.177
1 0 1 0 0 1 0 0 0 0 1 1.358
1 0 1 0 0 1 1 0 0 0 1 1.184
0 0 0 0 0 1 1 0 0 0 0 1.587
1 0 0 0 1 1 0 0 0 0 0 1.263
0 0 1 1 0 1 0 0 1 0 1 1.682
1 0 1 1 0 1 1 0 0 0 1 2.048
0 0 0 1 0 1 1 0 0 0 0 1.749
1 1 0 0 0 1 1 0 0 0 0 1.049
