0 0 1 1 0 1 0 0 1 0 1 0.767
0 1 1 0 0 1 1 0 0 0 1 0.861
0 1 0 0 0 1 0 0 0 0 0 0.83
0 0 1 0 0 1 0 0 1 0 1 0.658
1 0 0 1 0 1 0 0 0 0 0 0.596
1 1 1 1 1 1 0 0 0 0 1 1.501
1 1 1 0 1 1 0 0 0 0 1 0.846
1 0 0 1 0 1 0 0 1 0 0 0.939
0 1 0 1 0 1 1 0 0 0 0 1.22
0 1 0 1 1 1 0 0 0 0 0 0.752
1 0 0 1 1 1 0 0 0 0 0 0.876
0 0 1 1 0 1 1 0 0 0 1 1.345
0 1 0 0 1 1 0 0 0 0 0 1.563
1 1 1 1 0 1 0 0 0 0 1 1.064
0 1 0 0 0 1 0 0 1 0 0 1.517
1 1 1 1 0 1 0 0 1 0 1 1.673
0 1 0 1 0 1 0 0 0 0 0 1.345
0 1 0 1 0 1 0 0 1 0 0 1.641
0 1 1 1 0 1 1 0 0 0 1 2.546
0 0 1 1 0 1 0 0 0 0 1 1.47
0 0 1 0 1 1 0 0 0 0 1 1.657
0 1 1 0 0 1 0 0 0 0 1 1.018
1 0 0 0 0 1 0 0 0 0 0 1.236
0 0 0 1 0 1 1 0 0 0 0 2.858
0 0 0 0 1 1 0 0 0 0 0 2.796
1 0 0 0 0 1 0 0 1 0 0 1.127
0 1 0 0 0 1 1 0 0 0 0 1.142
0 0 1 0 0 1 0 0 0 0 1 1.22
1 0 1 0 0 1 1 0 0 0 1 1.875
0 0 1 1 1 1 0 0 0 0 1 1.625
1 1 1 0 0 1 0 0 1 0 1 0.689
0 0 0 0 0 1 1 0 0 0 0 1.532
0 0 1 0 0 1 0 0 0 0 1 0.658
0 1 1 1 1 1 0 0 0 0 1 3.03
0 1 0 0 0 1 1 0 0 0 0 1.127
0 1 0 0 1 1 0 0 0 0 0 1.501
0 1 0 0 0 1 0 0 0 0 0 0.97
1 1 1 1 0 1 0 0 0 0 1 2.234
0 0 1 1 1 1 0 0 0 0 1 1.782
0 1 0 1 0 1 1 0 0 0 0 1.704
1 0 0 1 0 1 0 0 0 0 0 1.969
1 1 1 0 0 1 0 0 1 0 1 0.815
1 1 1 0 1 1 0 0 0 0 1 1.532
0 0 0 0 0 1 1 0 0 0 0 0.986
0 0 1 1 0 1 0 0 0 0 1 2.484
0 0 0 1 0 1 1 0 0 0 0 2.172
0 1 0 1 1 1 0 0 0 0 0 2.484
1 1 1 0 0 1 0 0 0 0 1 0.69
0 0 1 1 0 1 0 0 1 0 1 1.532
0 0 1 0 0 1 1 0 0 0 1 0.815
1 1 1 1 0 1 0 0 1 0 1 2.032
0 1 1 0 0 1 1 0 0 0 1 1.688
1 0 0 0 1 1 0 0 0 0 0 2.655
1 0 0 1 1 1 0 0 0 0 0 2.016
0 0 1 0 0 1 0 0 1 0 1 0.784
1 0 1 0 1 1 0 0 0 0 1 1.813
0 1 0 1 0 1 0 0 1 0 0 1.548
1 1 1 1 0 1 1 0 0 0 1 2.078
1 0 0 1 0 1 0 0 1 0 0 1.578
0 0 1 1 0 1 1 0 0 0 1 2.483
1 0 0 0 0 1 0 0 0 0 0 1.126
0 1 0 1 0 1 0 0 0 0 0 2.452
0 1 0 0 0 1 0 0 1 0 0 1.236
1 0 0 0 0 1 0 0 1 0 0 0.706
1 0 0 1 0 1 0 0 1 0 0 1.953
0 0 1 1 0 1 0 0 0 0 1 2.733
1 1 1 1 0 1 1 0 0 0 1 2.5
0 1 0 0 0 1 0 0 0 0 0 1.158
0 1 1 0 1 1 0 0 0 0 1 2.452
1 1 1 0 0 1 0 0 0 0 1 0.893
0 1 0 0 0 1 1 0 0 0 0 1.158
0 0 1 0 0 1 0 0 1 0 1 1.095
1 1 0 0 1 1 0 0 0 0 0 1.33
0 1 1 1 1 1 0 0 0 0 1 2.749
1 0 0 0 1 1 0 0 0 0 0 2.639
0 0 0 1 0 1 1 0 0 0 0 2.905
1 0 0 0 0 1 0 0 0 0 0 2.374
0 1 0 1 1 1 0 0 0 0 0 3.123
0 1 0 1 0 1 0 0 0 0 0 1.486
1 1 1 1 0 1 0 0 1 0 1 1.064
0 0 1 0 0 1 0 0 0 0 1 0.783
1 0 0 0 0 1 0 0 1 0 0 1.157
1 0 0 1 0 1 0 0 0 0 0 2.827
0 1 1 0 0 1 1 0 0 0 1 1.844
1 0 1 0 0 1 1 0 0 0 1 0.768
0 1 0 1 0 1 0 0 1 0 0 1.47
0 1 0 1 0 1 1 0 0 0 0 1.75
1 1 1 1 0 1 0 0 0 0 1 1.673
0 0 1 1 0 1 0 0 1 0 1 1.033
0 0 1 1 1 1 0 0 0 0 1 2.203
0 1 0 0 0 1 0 0 1 0 0 1.142
1 1 1 0 0 1 0 0 1 0 1 0.768
0 0 0 1 1 1 0 0 0 0 0 1.828
0 0 1 1 0 1 1 0 0 0 1 1.672
1 0 1 0 1 1 0 0 0 0 1 2.655
0 0 0 0 0 1 1 0 0 0 0 0.955
0 0 1 0 0 1 0 0 0 0 1 0.721
1 0 0 0 0 1 0 0 0 0 0 0.658
1 1 1 1 0 1 0 0 0 0 1 0.955
0 0 1 0 0 1 1 0 0 0 1 1.11
1 1 1 0 0 1 1 0 0 0 1 2.905
0 1 0 1 0 1 0 0 1 0 0 1.985
0 0 1 0 1 1 0 0 0 0 1 2.234
1 0 0 0 0 1 1 0 0 0 0 2.983
0 0 1 1 0 1 0 0 1 0 1 1.002
0 1 0 0 0 1 0 0 0 0 0 0.939
0 1 0 1 1 1 0 0 0 0 0 1.984
0 0 1 1 0 1 0 0 0 0 1 1.127
1 1 1 0 1 1 0 0 0 0 1 0.815
0 1 0 0 0 1 1 0 0 0 0 1.017
0 0 1 1 1 1 0 0 0 0 1 1.75
0 1 0 1 0 1 0 0 0 0 0 0.784
1 0 0 1 0 1 0 0 1 0 0 2.983
0 1 1 1 0 1 0 0 1 0 1 2.733
1 1 0 0 1 1 0 0 0 0 0 1.204
0 0 0 1 0 1 1 0 0 0 0 1.298
1 1 1 0 0 1 0 0 1 0 1 1.626
1 0 0 1 0 1 0 0 0 0 0 2.359
0 0 0 1 1 1 0 0 0 0 0 2.046
1 1 1 0 0 1 0 0 0 0 1 1.111
0 0 1 1 0 1 1 0 0 0 1 1.984
0 1 0 1 0 1 1 0 0 0 0 1.236
0 1 0 0 0 1 0 0 1 0 0 0.721
0 0 1 0 0 1 0 0 1 0 1 0.908
0 0 0 0 1 1 0 0 0 0 0 0.908
0 0 0 0 0 1 0 0 1 0 0 1.423
0 1 1 1 0 1 1 0 0 0 1 2.874
1 1 1 1 1 1 0 0 0 0 1 2.999
0 1 0 1 0 1 0 0 0 0 0 2.874
1 0 0 0 0 1 0 0 0 0 0 2.639
1 0 0 0 0 1 0 0 1 0 0 1.079
0 1 1 0 0 1 0 0 1 0 1 2.265
0 1 0 0 0 1 0 0 0 0 0 0.877
0 0 1 0 0 1 0 0 1 0 1 0.798
0 1 0 1 0 1 0 0 1 0 0 0.596
1 0 1 1 0 1 1 0 0 0 1 0.035
1 1 1 1 1 1 0 0 0 0 1 1.75
1 1 1 1 0 1 0 0 0 0 1 0.721
0 0 1 0 0 1 0 0 0 0 1 0.658
0 0 0 0 0 1 1 0 0 0 0 0.861
1 0 0 0 1 1 0 0 0 0 0 1.72
0 1 0 0 0 1 0 0 1 0 0 0.752
1 1 1 0 1 1 0 0 0 0 1 1.111
0 1 1 1 0 1 1 0 0 0 1 1.922
1 1 1 0 0 1 0 0 0 0 1 1.048
0 1 0 1 1 1 0 0 0 0 0 2.327
1 1 1 0 0 1 1 0 0 0 1 2.218
0 0 1 1 0 1 0 0 1 0 1 0.674
0 1 0 0 1 1 0 0 0 0 0 1.204
1 1 1 1 0 1 0 0 1 0 1 0.814
0 0 0 1 1 1 0 0 0 0 0 2.202
0 0 0 1 0 1 1 0 0 0 0 2.749
0 0 1 0 0 1 1 0 0 0 1 2.203
1 0 1 0 1 1 0 0 0 0 1 2.764
1 1 0 1 0 1 1 0 0 0 0 2.203
0 0 1 1 0 1 0 0 0 0 1 2.577
0 1 0 0 0 1 1 0 0 0 0 1.236
0 0 1 1 1 1 0 0 0 0 1 1.236
1 0 0 1 0 1 0 0 0 0 0 1.735
1 0 0 1 0 1 0 0 1 0 0 2.28
0 1 0 0 1 1 0 0 0 0 0 1.501
0 1 0 0 0 1 0 0 0 0 0 0.658
0 0 1 0 0 1 1 0 0 0 1 0.798
1 1 1 0 0 1 0 0 0 0 1 1.813
1 1 1 1 0 1 0 0 0 0 1 1.376
1 0 0 0 0 1 0 0 0 0 0 0.768
0 1 1 1 0 1 1 0 0 0 1 1.642
0 0 0 1 0 1 1 0 0 0 0 1.672
1 0 0 0 1 1 0 0 0 0 0 1.126
1 0 0 0 0 1 0 0 1 0 0 0.72
0 0 1 0 1 1 0 0 0 0 1 0.939
0 1 0 0 0 1 1 0 0 0 0 0.736
0 0 0 1 1 1 0 0 0 0 0 1.906
0 1 0 1 0 1 1 0 0 0 0 1.781
0 0 1 0 0 1 0 0 1 0 1 1.001
0 0 1 1 0 1 1 0 0 0 1 1.984
0 0 1 1 1 1 0 0 0 0 1 1.345
1 0 0 1 0 1 0 0 1 0 0 1.563
0 1 1 1 1 1 0 0 0 0 1 2.671
0 1 0 0 0 1 0 0 1 0 0 0.955
1 1 1 0 0 1 0 0 1 0 1 1.127
0 1 0 1 0 1 0 0 0 0 0 1.61
0 1 0 1 1 1 0 0 0 0 0 1.766
0 1 1 0 0 1 1 0 0 0 1 0.908
0 0 1 1 0 1 0 0 1 0 1 0.924
1 1 1 1 0 1 0 0 1 0 1 1.158
0 0 1 0 0 1 0 0 0 0 1 0.705
1 0 0 1 0 1 0 0 0 0 0 2.078
0 1 0 1 0 1 0 0 1 0 0 2.141
1 1 1 0 1 1 0 0 0 0 1 2.063
0 0 1 1 0 1 0 0 0 0 1 2.265
1 0 0 0 0 1 1 0 0 0 0 2.452
0 0 1 0 0 1 1 0 0 0 1 0.83
0 0 1 1 0 1 0 0 1 0 1 0.736
0 0 1 1 0 1 1 0 0 0 1 1.126
0 1 0 0 0 1 0 0 0 0 0 0.877
1 1 1 0 0 1 1 0 0 0 1 2.936
0 0 1 0 0 1 0 0 1 0 1 0.861
1 0 0 0 1 1 0 0 0 0 0 1.344
0 1 0 1 0 1 1 0 0 0 0 1.454
0 0 1 0 0 1 0 0 0 0 1 1.095
1 1 1 0 0 1 0 0 0 0 1 0.892
1 1 1 0 0 1 0 0 1 0 1 0.83
1 0 0 0 0 1 0 0 0 0 0 2.046
0 1 0 1 0 1 0 0 1 0 0 1.002
0 0 1 1 0 1 0 0 0 0 1 1.111
1 1 0 1 1 1 0 0 0 0 0 1.22
1 0 0 0 0 1 0 0 1 0 0 1.22
0 1 0 1 0 1 0 0 0 0 0 1.158
1 0 0 1 0 1 0 0 0 0 0 1.875
0 1 0 0 1 1 0 0 0 0 0 2.343
1 0 0 1 0 1 0 0 1 0 0 0.768
1 1 1 1 0 1 0 0 0 0 1 1.751
0 1 1 0 1 1 0 0 0 0 1 1.516
0 1 0 0 0 1 1 0 0 0 0 0.876
1 1 1 1 0 1 0 0 1 0 1 0.923
0 0 1 1 1 1 0 0 0 0 1 2.998
0 0 0 1 1 1 0 0 0 0 0 3.092
0 1 0 0 0 1 0 0 1 0 0 0.674
1 1 1 1 1 1 0 0 0 0 1 1.47
0 0 1 0 1 1 0 0 0 0 1 1.017
0 0 0 0 0 1 1 0 0 0 0 0.706
0 0 0 1 0 1 1 0 0 0 0 1.126
1 1 1 1 0 1 1 0 0 0 1 2.437
1 1 1 0 0 1 1 0 0 0 1 2.733
1 1 1 1 0 1 0 0 1 0 1 1.001
1 0 0 1 0 1 0 0 1 0 0 0.876
0 0 1 1 0 1 0 0 1 0 1 1.001
0 0 1 0 0 1 0 0 1 0 1 1.001
0 0 0 0 0 1 1 0 0 0 0 0.845
0 1 0 0 0 1 1 0 0 0 0 0.83
0 0 1 1 1 1 0 0 0 0 1 1.22
0 1 1 0 1 1 0 0 0 0 1 1.532
0 1 0 0 0 1 0 0 1 0 0 0.736
1 0 0 0 0 1 0 0 1 0 0 0.83
0 1 0 1 0 1 1 0 0 0 0 1.938
0 0 0 1 0 1 1 0 0 0 0 2.858
0 1 0 0 0 1 0 0 0 0 0 0.736
0 0 1 1 0 1 0 0 0 0 1 0.799
0 0 1 0 0 1 0 0 0 0 1 0.798
1 1 1 1 1 1 0 0 0 0 1 1.469
0 0 1 0 0 1 1 0 0 0 1 0.877
0 1 0 1 0 1 0 0 0 0 0 0.799
1 0 0 1 1 1 0 0 0 0 0 2.593
1 0 0 1 0 1 0 0 0 0 0 2.156
0 0 1 0 1 1 0 0 0 0 1 0.689
1 0 0 0 0 1 0 0 0 0 0 0.83
1 0 0 0 1 1 0 0 0 0 0 1.423
0 1 1 1 0 1 0 0 0 0 1 1.173
0 1 1 1 0 1 1 0 0 0 1 1.049
1 1 1 0 0 1 0 0 0 0 1 0.892
0 1 0 1 1 1 0 0 0 0 0 1.563
0 0 1 1 0 1 1 0 0 0 1 1.018
1 1 0 0 1 1 0 0 0 0 0 2.406
0 1 0 1 0 1 0 0 1 0 0 0.736
1 1 1 0 0 1 0 0 1 0 1 0.721
1 1 1 0 0 1 0 0 1 0 1 0.705
0 0 1 1 0 1 0 0 1 0 1 0.72
0 1 0 1 0 1 0 0 1 0 0 0.455
1 1 0 0 1 1 0 0 0 0 0 0.689
0 0 1 0 0 1 0 0 0 0 1 0.674
1 1 1 0 1 1 0 0 0 0 1 2.437
0 0 0 0 0 1 1 0 0 0 0 0.955
0 0 1 1 0 1 1 0 0 0 1 2.655
0 1 1 0 0 1 0 0 0 0 1 0.924
1 1 1 1 0 1 0 0 0 0 1 1.064
0 1 1 0 0 1 1 0 0 0 1 0.814
0 0 0 1 1 1 0 0 0 0 0 1.392
0 1 0 1 1 1 0 0 0 0 0 1.688
1 0 0 0 1 1 0 0 0 0 0 0.955
0 0 1 1 0 1 0 0 0 0 1 0.955
1 0 0 1 0 1 0 0 0 0 0 1.517
0 1 0 1 0 1 1 0 0 0 0 1.189
0 0 1 0 0 1 0 0 1 0 1 0.986
0 0 1 0 1 1 0 0 0 0 1 2.624
1 0 0 1 0 1 1 0 0 0 0 3.154
1 0 0 0 0 1 0 0 0 0 0 0.971
0 1 0 1 0 1 0 0 0 0 0 1.439
0 1 0 0 0 1 1 0 0 0 0 1.922
0 0 1 0 0 1 1 0 0 0 1 0.845
1 0 0 1 0 1 0 0 1 0 0 1.079
1 1 1 1 1 1 0 0 0 0 1 1.127
0 1 0 0 0 1 0 0 1 0 0 1.313
1 1 1 1 0 1 1 0 0 0 1 1.376
1 0 0 0 0 1 0 0 1 0 0 1.142
1 1 1 1 0 1 0 0 1 0 1 0.939
0 1 0 0 0 1 0 0 0 0 0 1.095
0 0 1 1 1 1 0 0 0 0 1 1.314
1 0 0 1 0 1 0 0 1 0 0 0.908
0 0 1 0 0 1 0 0 0 0 1 0.971
0 0 0 1 1 1 0 0 0 0 0 1.548
1 1 0 0 1 1 0 0 0 0 0 2.25
0 1 0 0 0 1 1 0 0 0 0 2.047
0 0 1 1 1 1 0 0 0 0 1 1.158
1 1 1 1 0 1 0 0 1 0 1 2.281
1 0 0 0 0 1 1 0 0 0 0 2.234
0 0 1 1 0 1 0 0 0 0 1 1.126
0 1 1 1 0 1 1 0 0 0 1 2.171
1 1 1 0 0 1 0 0 0 0 1 1.235
1 0 0 0 0 1 0 0 0 0 0 0.83
0 0 1 0 1 1 0 0 0 0 1 1.017
0 1 0 1 1 1 0 0 0 0 0 1.158
0 1 0 0 0 1 0 0 0 0 0 0.752
0 1 0 0 0 1 0 0 1 0 0 0.643
1 0 0 0 0 1 0 0 1 0 0 0.689
0 1 0 1 0 1 0 0 0 0 0 0.752
0 0 0 0 1 1 0 0 0 0 0 1.594
1 0 0 1 0 1 0 0 0 0 0 0.814
0 0 1 1 0 1 0 0 1 0 1 0.845
0 1 0 1 0 1 1 0 0 0 0 1.391
1 1 1 0 0 1 0 0 1 0 1 0.689
0 0 1 1 0 1 1 0 0 0 1 1.875
1 0 0 1 0 1 1 0 0 0 0 2.64
1 1 1 1 0 1 0 0 0 0 1 1.595
1 1 1 0 0 1 1 0 0 0 1 1.033
0 1 0 1 0 1 0 0 1 0 0 1.048
1 1 1 1 1 1 0 0 0 0 1 1.688
1 1 1 0 1 1 0 0 0 0 1 1.298
0 0 1 0 0 1 1 0 0 0 1 0.814
0 0 1 0 0 1 0 0 1 0 1 1.018
