0 1 0 0 0 1 0 0 0 0 0 0.908
0 0 0 0 1 1 0 0 0 0 0 1.314
0 0 1 1 0 1 0 0 1 0 1 1.61
1 1 1 0 0 1 0 0 1 0 1 0.736
0 1 0 1 0 1 0 0 1 0 0 0.783
1 0 1 1 0 1 1 0 0 0 1 1.969
1 0 1 0 0 1 0 0 0 0 1 1.205
0 1 0 1 0 1 0 0 0 0 0 0.705
1 0 0 1 0 1 1 0 0 0 0 0.876
0 1 0 1 1 1 0 0 0 0 0 0.923
1 0 0 1 0 1 0 0 0 0 0 1.001
1 1 1 0 1 1 0 0 0 0 1 1.017
1 1 1 1 0 1 0 0 0 0 1 0.924
0 1 0 0 1 1 0 0 0 0 0 0.955
1 0 0 0 0 1 1 0 0 0 0 0.876
1 1 1 1 0 1 1 0 0 0 1 0.705
0 1 0 1 0 1 1 0 0 0 0 1.408
1 0 0 1 1 1 0 0 0 0 0 1.002
1 0 1 1 1 1 0 0 0 0 1 1.189
1 1 1 0 0 1 0 0 0 0 1 1.283
0 0 1 0 1 1 0 0 0 0 1 0.939
1 1 1 0 0 1 1 0 0 0 1 0.876
0 1 0 0 0 1 0 0 1 0 0 0.799
1 0 1 0 0 1 1 0 0 0 1 0.939
0 0 1 1 0 1 0 0 0 0 1 1.048
1 0 0 0 0 1 0 0 0 0 0 0.83
1 1 1 1 1 1 0 0 0 0 1 1.08
0 1 0 0 0 1 1 0 0 0 0 0.846
1 1 1 1 0 1 0 0 1 0 1 0.814
1 0 0 0 0 1 0 0 1 0 0 1.111
0 0 1 0 0 1 0 0 1 0 1 0.752
1 0 0 1 0 1 0 0 1 0 0 0.877
1 1 1 1 1 1 0 0 0 0 1 1.563
1 1 0 0 0 1 1 0 0 0 0 1.017
1 0 0 1 1 1 0 0 0 0 0 1.236
1 0 0 1 0 1 1 0 0 0 0 1.61
0 0 1 1 1 1 0 0 0 0 1 0.923
1 0 0 0 1 1 0 0 0 0 0 1.158
1 0 0 1 0 1 0 0 1 0 0 1.174
0 1 0 1 1 1 0 0 0 0 0 1.657
1 1 1 1 0 1 0 0 0 0 1 0.877
0 1 0 1 0 1 0 0 0 0 0 0.971
1 1 1 0 0 1 0 0 1 0 1 0.877
1 1 1 1 0 1 1 0 0 0 1 1.033
1 0 0 0 0 1 0 0 1 0 0 0.955
0 0 1 1 0 1 0 0 1 0 1 1.002
0 0 1 1 0 1 1 0 0 0 1 1.485
0 0 1 0 1 1 0 0 0 0 1 1.095
1 1 1 0 1 1 0 0 0 0 1 1.392
0 1 1 0 0 1 1 0 0 0 1 2.219
1 0 1 0 0 1 1 0 0 0 1 0.846
0 1 0 0 0 1 0 0 1 0 0 0.955
1 1 1 1 0 1 0 0 1 0 1 1.517
0 1 0 0 1 1 0 0 0 0 0 1.594
0 1 0 0 0 1 0 0 0 0 0 0.97
0 0 1 1 0 1 0 0 0 0 1 0.83
1 1 0 1 0 1 1 0 0 0 0 1.516
0 1 0 1 0 1 0 0 1 0 0 1.033
0 0 1 0 0 1 0 0 1 0 1 0.83
0 0 1 0 0 1 0 0 0 0 1 0.69
1 1 1 0 0 1 0 0 0 0 1 0.783
1 0 0 1 0 1 0 0 0 0 0 0.846
1 0 0 0 0 1 0 0 0 0 0 0.815
1 0 0 0 0 1 1 0 0 0 0 0.908
0 0 1 1 1 1 0 0 0 0 1 1.938
0 1 0 1 0 1 0 0 0 0 0 1.205
0 1 0 1 0 1 1 0 0 0 0 1.189
0 0 1 1 0 1 0 0 0 0 1 1.049
0 0 1 0 0 1 0 0 0 0 1 1.002
1 1 0 0 1 1 0 0 0 0 0 1.797
0 1 0 1 1 1 0 0 0 0 0 2.343
0 0 1 1 0 1 0 0 1 0 1 1.173
1 1 1 0 0 1 0 0 0 0 1 0.97
0 0 0 1 1 1 0 0 0 0 0 1.158
0 1 0 1 0 1 0 0 1 0 0 1.033
1 1 1 0 0 1 0 0 1 0 1 1.142
1 1 0 0 0 1 1 0 0 0 0 1.188
1 1 1 1 1 1 0 0 0 0 1 1.859
0 0 1 0 1 1 0 0 0 0 1 1.75
0 1 0 0 0 1 0 0 1 0 0 1.407
1 0 0 0 1 1 0 0 0 0 0 1.563
1 0 0 0 0 1 1 0 0 0 0 1.501
0 1 0 0 0 1 0 0 0 0 0 1.017
0 1 1 0 0 1 1 0 0 0 1 2.203
1 1 1 1 0 1 0 0 1 0 1 0.845
1 0 0 1 0 1 1 0 0 0 0 0.799
1 1 1 1 0 1 0 0 0 0 1 0.705
0 1 1 1 0 1 1 0 0 0 1 1.454
1 0 0 0 0 1 0 0 1 0 0 0.939
0 0 1 1 0 1 1 0 0 0 1 0.939
0 0 0 1 0 1 0 0 1 0 0 0.736
0 0 1 0 0 1 0 0 1 0 1 1.079
1 0 0 1 0 1 0 0 0 0 0 1.719
1 0 0 0 0 1 0 0 0 0 0 0.955
1 1 1 0 1 1 0 0 0 0 1 0.954
0 0 1 0 0 1 1 0 0 0 1 1.157
0 1 1 1 0 1 1 0 0 0 1 1.891
0 0 1 0 0 1 0 0 0 0 1 0.908
0 0 1 0 0 1 1 0 0 0 1 0.799
1 0 0 0 0 1 1 0 0 0 0 0.97
0 0 1 1 0 1 0 0 0 0 1 1.298
1 1 1 0 0 1 0 0 0 0 1 0.83
1 1 0 0 0 1 1 0 0 0 0 2.843
1 0 0 1 0 1 1 0 0 0 0 0.908
1 1 1 0 1 1 0 0 0 0 1 0.706
0 1 0 0 0 1 0 0 1 0 0 0.814
0 0 1 0 0 1 0 0 1 0 1 0.736
0 1 0 1 0 1 0 0 1 0 0 1.344
1 0 0 1 0 1 0 0 1 0 0 0.799
1 0 0 0 0 1 0 0 0 0 0 1.626
1 0 0 1 1 1 0 0 0 0 0 1.204
1 0 0 1 0 1 0 0 0 0 0 1.002
1 0 1 1 0 1 1 0 0 0 1 1.486
0 0 1 1 1 1 0 0 0 0 1 1.002
1 1 1 1 0 1 0 0 1 0 1 0.939
0 0 1 1 0 1 0 0 1 0 1 0.876
1 1 1 0 0 1 0 0 1 0 1 1.079
0 1 0 1 0 1 0 0 0 0 0 0.845
0 1 1 1 1 1 0 0 0 0 1 2.093
1 1 0 0 1 1 0 0 0 0 0 1.001
1 1 1 0 0 1 1 0 0 0 1 1.282
0 1 0 0 0 1 0 0 0 0 0 0.689
1 0 0 0 1 1 0 0 0 0 0 1.313
1 0 0 0 0 1 0 0 1 0 0 0.565
0 0 1 0 1 1 0 0 0 0 1 2.218
0 1 0 1 1 1 0 0 0 0 0 1.033
0 1 0 1 0 1 1 0 0 0 0 1.875
1 1 1 1 0 1 0 0 0 0 1 0.97
1 1 1 0 1 1 0 0 0 0 1 1.829
0 0 0 1 0 1 1 0 0 0 0 1.173
0 1 0 0 1 1 0 0 0 0 0 1.157
0 1 0 0 0 1 0 0 1 0 0 0.877
1 1 1 0 0 1 0 0 1 0 1 0.674
0 1 0 1 0 1 0 0 0 0 0 0.986
1 1 1 1 0 1 0 0 1 0 1 1.345
0 1 0 0 0 1 0 0 0 0 0 0.877
1 0 1 0 0 1 1 0 0 0 1 0.846
0 0 1 1 0 1 0 0 0 0 1 1.236
0 0 1 0 0 1 0 0 0 0 1 1.002
1 0 0 0 0 1 0 0 0 0 0 1.017
0 0 1 0 0 1 0 0 1 0 1 0.908
1 0 0 0 0 1 0 0 1 0 0 0.752
0 1 0 1 0 1 0 0 1 0 0 0.752
0 0 1 1 1 1 0 0 0 0 1 1.267
0 1 0 1 1 1 0 0 0 0 0 1.127
1 1 1 1 0 1 0 0 0 0 1 1.204
1 1 1 1 0 1 1 0 0 0 1 0.83
1 1 1 0 0 1 0 0 0 0 1 0.643
1 0 0 1 0 1 0 0 1 0 0 0.674
1 1 1 1 1 1 0 0 0 0 1 0.845
0 0 1 0 1 1 0 0 0 0 1 2.639
0 0 1 1 0 1 0 0 1 0 1 0.83
1 0 0 0 0 1 1 0 0 0 0 0.799
1 1 1 0 0 1 1 0 0 0 1 1.126
0 0 0 1 1 1 0 0 0 0 0 1.516
1 0 0 0 1 1 0 0 0 0 0 1.672
1 1 0 0 0 1 1 0 0 0 0 0.767
1 0 0 1 0 1 0 0 0 0 0 0.892
0 1 0 1 0 1 1 0 0 0 0 1.47
1 0 1 1 0 1 1 0 0 0 1 0.955
0 1 0 0 1 1 0 0 0 0 0 1.158
1 0 0 1 0 1 1 0 0 0 0 2.842
0 0 1 0 1 1 0 0 0 0 1 1.345
1 1 0 0 0 1 0 0 0 0 0 1.376
0 1 1 0 1 1 0 0 0 0 1 1.454
0 0 1 0 0 1 0 0 0 0 1 1.719
1 1 0 1 1 1 0 0 0 0 0 1.438
0 1 1 1 1 1 0 0 0 0 1 2.64
1 0 0 1 0 1 0 0 0 0 0 0.83
0 0 1 1 0 1 0 0 0 0 1 2.811
1 1 0 0 0 1 1 0 0 0 0 2.25
1 1 1 1 0 1 0 0 0 0 1 0.815
1 0 1 0 0 1 1 0 0 0 1 1.969
1 0 0 0 0 1 0 0 0 0 0 1.08
0 1 0 1 0 1 0 0 1 0 0 1.392
1 0 0 1 0 1 0 0 1 0 0 0.706
0 0 0 0 1 1 0 0 0 0 0 1.485
1 1 1 0 0 1 0 0 0 0 1 1.032
1 1 1 0 0 1 0 0 1 0 1 0.705
0 1 1 1 0 1 1 0 0 0 1 3.124
1 1 0 1 0 1 1 0 0 0 0 2.889
1 0 1 0 0 1 0 0 1 0 1 0.299
0 0 1 1 1 1 0 0 0 0 1 1.454
1 0 1 1 0 1 1 0 0 0 1 3.045
0 1 0 0 0 1 0 0 1 0 0 1.095
1 1 1 1 0 1 0 0 1 0 1 2.25
1 0 0 0 0 1 0 0 1 0 0 0.846
0 0 1 1 0 1 0 0 1 0 1 1.142
1 0 0 0 0 1 1 0 0 0 0 1.189
0 0 0 1 1 1 0 0 0 0 0 1.204
1 1 1 0 0 1 1 0 0 0 1 1.922
0 1 0 1 0 1 0 0 0 0 0 1.859
0 0 1 1 0 1 0 0 0 0 1 2.421
0 1 0 1 1 1 0 0 0 0 0 3.092
0 1 0 0 0 1 0 0 0 0 0 2.093
0 0 1 0 1 1 0 0 0 0 1 1.735
0 1 0 1 0 1 1 0 0 0 0 2.748
1 0 0 0 0 1 1 0 0 0 0 1.049
0 0 1 1 1 1 0 0 0 0 1 1.236
1 1 1 1 0 1 1 0 0 0 1 2.078
1 1 1 1 0 1 0 0 1 0 1 0.784
1 0 0 0 0 1 0 0 0 0 0 0.783
0 0 1 0 0 1 0 0 0 0 1 1.142
0 1 0 0 1 1 0 0 0 0 0 0.892
0 1 1 1 1 1 0 0 0 0 1 2.78
0 1 0 1 0 1 0 0 0 0 0 0.955
1 1 1 1 0 1 0 0 0 0 1 0.877
0 0 0 1 1 1 0 0 0 0 0 2.608
1 1 1 0 0 1 1 0 0 0 1 0.83
1 0 0 1 0 1 0 0 0 0 0 1.189
1 1 1 0 1 1 0 0 0 0 1 1.095
0 1 0 0 0 1 0 0 1 0 0 2.078
1 1 1 0 0 1 0 0 1 0 1 0.986
1 1 1 0 0 1 0 0 0 0 1 0.69
0 1 0 1 0 1 0 0 1 0 0 0.815
1 1 0 0 0 1 1 0 0 0 0 0.892
1 0 1 1 0 1 1 0 0 0 1 1.189
0 0 0 1 0 1 1 0 0 0 0 1.407
0 0 1 0 0 1 0 0 1 0 1 1.11
1 0 0 1 0 1 0 0 1 0 0 0.845
1 0 0 0 0 1 0 0 1 0 0 0.565
0 0 1 1 0 1 0 0 1 0 1 1.344
0 0 0 0 1 1 0 0 0 0 0 1.126
1 0 1 0 0 1 1 0 0 0 1 1.251
0 0 1 1 0 1 0 0 1 0 1 0.893
1 0 0 1 0 1 0 0 0 0 0 0.83
1 1 1 0 0 1 0 0 1 0 1 0.986
1 0 0 1 0 1 0 0 1 0 0 0.784
1 0 1 1 0 1 1 0 0 0 1 2.562
0 1 1 1 1 1 0 0 0 0 1 0.814
0 0 1 0 1 1 0 0 0 0 1 1.407
1 0 0 0 0 1 0 0 0 0 0 0.658
0 0 0 0 1 1 0 0 0 0 0 1.204
0 1 0 1 0 1 0 0 1 0 0 0.924
1 1 0 0 0 1 1 0 0 0 0 1.205
1 1 1 0 1 1 0 0 0 0 1 1.235
1 1 1 0 0 1 0 0 0 0 1 0.721
0 1 0 0 0 1 0 0 0 0 0 2.109
0 1 0 1 0 1 0 0 0 0 0 1.079
1 1 1 1 0 1 1 0 0 0 1 2.795
1 1 1 1 0 1 0 0 0 0 1 0.689
0 0 1 0 0 1 0 0 1 0 1 0.736
1 0 0 0 0 1 0 0 1 0 0 1.017
1 1 1 0 0 1 1 0 0 0 1 2.499
0 0 1 1 0 1 0 0 0 0 1 1.064
0 1 0 1 1 1 0 0 0 0 0 0.908
0 1 0 0 1 1 0 0 0 0 0 1.017
0 0 1 1 1 1 0 0 0 0 1 1.095
1 0 0 1 1 1 0 0 0 0 0 2.889
1 0 0 0 0 1 1 0 0 0 0 1.049
0 0 1 0 0 1 0 0 0 0 1 2.281
1 0 0 1 0 1 1 0 0 0 0 1.283
1 1 1 1 0 1 0 0 1 0 1 0.658
0 1 0 0 0 1 0 0 1 0 0 0.814
1 0 1 0 0 1 1 0 0 0 1 1.158
1 1 0 1 0 1 1 0 0 0 0 2.328
1 0 1 1 0 1 1 0 0 0 1 0.752
1 1 1 1 0 1 0 0 1 0 1 1.719
0 0 1 0 0 1 0 0 1 0 1 2.422
1 1 1 0 1 1 0 0 0 0 1 1.017
1 0 0 1 0 1 0 0 0 0 0 0.689
1 0 0 0 0 1 0 0 0 0 0 1.345
1 1 0 1 0 1 1 0 0 0 0 2.484
0 1 0 0 0 1 0 0 1 0 0 0.924
0 1 0 0 0 1 0 0 0 0 0 1.017
1 0 1 0 0 1 1 0 0 0 1 2.14
1 1 1 1 1 1 0 0 0 0 1 0.955
0 0 1 1 0 1 0 0 0 0 1 1.766
1 0 0 1 1 1 0 0 0 0 0 2.437
1 1 0 0 0 1 1 0 0 0 0 0.971
0 0 0 0 1 1 0 0 0 0 0 2.702
0 0 1 0 0 1 0 0 0 0 1 0.814
0 1 0 1 0 1 0 0 0 0 0 2.437
1 1 1 0 0 1 0 0 1 0 1 0.955
1 0 0 1 0 1 1 0 0 0 0 0.752
1 1 0 0 1 1 0 0 0 0 0 0.924
1 1 1 0 0 1 1 0 0 0 1 0.736
1 1 0 1 1 1 0 0 0 0 0 1.095
0 0 1 0 1 1 0 0 0 0 1 1.049
1 1 1 1 0 1 0 0 0 0 1 0.799
0 0 1 1 1 1 0 0 0 0 1 1.454
1 0 0 0 0 1 1 0 0 0 0 1.064
1 0 0 1 0 1 0 0 1 0 0 0.97
1 0 0 0 0 1 0 0 1 0 0 0.642
0 1 1 1 0 1 1 0 0 0 1 1.813
0 0 1 1 0 1 0 0 1 0 1 1.22
0 1 0 1 0 1 0 0 1 0 0 0.924
1 1 1 0 0 1 0 0 0 0 1 0.94
0 1 0 1 0 1 0 0 1 0 0 0.908
0 1 0 0 0 1 0 0 0 0 0 1.563
0 0 1 1 0 1 1 0 0 0 1 2.826
0 0 1 1 0 1 0 0 0 0 1 1.017
0 1 0 0 0 1 1 0 0 0 0 3.124
1 1 1 1 0 1 0 0 1 0 1 0.861
1 1 1 0 0 1 0 0 0 0 1 0.955
1 0 0 1 0 1 0 0 1 0 0 0.658
1 1 0 1 1 1 0 0 0 0 0 2.374
1 1 1 1 0 1 1 0 0 0 1 0.83
1 1 1 0 0 1 1 0 0 0 1 0.503
0 0 1 0 1 1 0 0 0 0 1 1.376
1 1 1 1 0 1 0 0 0 0 1 0.721
1 0 0 0 0 1 0 0 0 0 0 1.407
0 1 1 0 1 1 0 0 0 0 1 2.546
0 0 0 0 1 1 0 0 0 0 0 2.219
1 1 1 0 0 1 0 0 1 0 1 0.783
0 0 1 0 0 1 0 0 0 0 1 1.266
0 1 0 0 1 1 0 0 0 0 0 2.312
1 0 1 1 1 1 0 0 0 0 1 0.877
1 1 1 1 1 1 0 0 0 0 1 1.626
0 0 1 0 0 1 0 0 1 0 1 2.359
1 1 0 1 0 1 1 0 0 0 0 1.501
1 0 0 0 0 1 1 0 0 0 0 0.768
1 0 0 1 0 1 0 0 0 0 0 1.579
1 0 0 0 0 1 0 0 1 0 0 0.783
0 0 1 1 0 1 0 0 1 0 1 2.281
0 1 0 1 0 1 0 0 0 0 0 1.376
1 0 1 0 0 1 1 0 0 0 1 0.908
1 0 0 1 0 1 1 0 0 0 0 0.94
0 1 0 0 0 1 0 0 1 0 0 1.033
1 0 0 1 1 1 0 0 0 0 0 1.376
