1 0 0 1 0 1 0 0 1 0 0 1.797
0 0 1 0 0 1 1 0 0 0 1 0.456
1 1 0 0 0 1 0 0 1 0 0 0.066
0 1 0 1 0 1 0 0 1 0 0 0.643
1 1 0 1 1 1 0 0 0 0 0 1.751
1 0 1 0 1 1 0 0 0 0 1 1.033
0 1 0 0 1 1 0 0 0 0 0 1.688
1 1 0 0 0 1 1 0 0 0 0 0.908
1 1 1 1 0 1 0 0 0 0 1 0.768
1 1 1 1 0 1 1 0 0 0 1 1.547
1 0 1 1 0 1 1 0 0 0 1 1.064
1 1 1 0 0 1 0 0 1 0 1 0.736
1 0 0 0 1 1 0 0 0 0 0 1.017
0 1 1 0 1 1 0 0 0 0 1 0.784
0 1 0 1 0 1 0 0 1 0 0 1.064
0 0 1 0 0 1 0 0 0 0 1 0.643
1 1 1 0 0 1 1 0 0 0 1 2.452
0 0 1 0 0 1 1 0 0 0 1 0.472
1 1 1 1 0 1 1 0 0 0 1 0.83
0 0 0 1 0 1 1 0 0 0 0 0.877
0 1 0 1 0 1 0 0 0 0 0 2.047
1 0 0 0 0 1 1 0 0 0 0 2.951
1 0 1 0 1 1 0 0 0 0 1 1.5
0 1 0 0 0 1 1 0 0 0 0 1.735
1 0 0 1 0 1 0 0 1 0 0 3.123
1 1 0 0 0 1 0 0 0 0 0 1.033
1 0 1 0 0 1 0 0 0 0 1 2.062
1 1 0 1 0 1 0 0 1 0 0 0.565
1 1 1 0 0 1 0 0 0 0 1 2.421
1 0 1 1 1 1 0 0 0 0 1 2.249
1 0 0 0 0 1 0 0 1 0 0 0.705
1 1 0 1 0 1 1 0 0 0 0 0.643
1 1 0 1 0 1 1 0 0 0 0 0.736
0 1 0 0 1 1 0 0 0 0 0 1.594
0 1 0 0 0 1 0 0 1 0 0 2.53
0 0 0 0 0 1 0 0 0 0 0 2.094
1 1 1 1 0 1 0 0 0 0 1 1.017
1 0 1 0 0 1 1 0 0 0 1 1.407
1 0 0 0 0 1 1 0 0 0 0 1.75
0 1 0 1 0 1 0 0 0 0 0 1.969
0 0 0 1 1 1 0 0 0 0 0 1.376
0 1 0 1 1 1 0 0 0 0 0 1.828
0 1 1 1 0 1 1 0 0 0 1 3.076
0 0 1 1 0 1 1 0 0 0 1 2.484
0 1 1 0 1 1 0 0 0 0 1 2.874
0 0 0 1 0 1 0 0 1 0 0 1.267
0 0 0 1 0 1 0 0 0 0 0 0.799
0 0 1 1 0 1 0 0 1 0 1 1.033
0 1 1 0 0 1 0 0 0 0 1 1.002
0 1 1 1 0 1 0 0 1 0 1 1.829
0 0 0 0 1 1 0 0 0 0 0 2.921
0 0 1 1 1 1 0 0 0 0 1 2.374
1 0 0 0 0 1 1 0 0 0 0 2.078
0 0 1 0 1 1 0 0 0 0 1 0.923
1 1 1 1 0 1 1 0 0 0 1 1.407
1 0 0 0 0 1 0 0 0 0 0 1.486
1 1 1 1 0 1 0 0 1 0 1 0.799
1 1 1 1 0 1 0 0 0 0 1 1.236
0 1 0 0 0 1 0 0 0 0 0 2.375
1 1 0 1 0 1 1 0 0 0 0 1.86
1 1 0 0 1 1 0 0 0 0 0 2.577
0 1 0 0 0 1 1 0 0 0 0 1.703
0 0 1 1 0 1 0 0 0 0 1 0.861
1 0 0 0 0 1 0 0 1 0 0 1.407
1 1 1 0 0 1 0 0 1 0 1 1.625
0 0 1 0 0 1 1 0 0 0 1 1.891
1 0 0 0 0 1 0 0 1 0 0 2.327
0 1 0 0 1 1 0 0 0 0 0 2.015
0 0 1 1 0 1 0 0 1 0 1 0.971
0 1 0 0 0 1 0 0 1 0 0 1.392
1 1 1 1 0 1 1 0 0 0 1 0.955
1 0 1 1 1 1 0 0 0 0 1 1.22
1 0 1 0 0 1 1 0 0 0 1 1.174
1 0 0 1 0 1 1 0 0 0 0 1.048
1 0 1 1 0 1 1 0 0 0 1 1.329
1 1 0 0 0 1 1 0 0 0 0 1.095
1 1 0 1 0 1 1 0 0 0 0 1.22
0 0 1 1 0 1 0 0 0 0 1 1.095
0 0 0 1 1 1 0 0 0 0 0 1.719
0 0 1 1 0 1 0 0 0 0 1 1.361
1 1 1 0 0 1 1 0 0 0 1 1.797
1 0 0 0 0 1 0 0 0 0 0 1.812
1 1 1 1 0 1 1 0 0 0 1 1.953
1 0 1 1 0 1 1 0 0 0 1 2.578
1 1 1 1 0 1 0 0 1 0 1 1.782
0 0 1 0 1 1 0 0 0 0 1 2.14
1 0 1 0 0 1 0 0 1 0 1 0.565
0 0 0 0 0 1 0 0 1 0 0 0.206
1 1 0 0 0 1 1 0 0 0 0 1.751
0 0 1 1 0 1 1 0 0 0 1 1.563
0 0 0 1 0 1 0 0 1 0 0 1.89
1 0 1 1 1 1 0 0 0 0 1 1.548
0 0 1 0 1 1 0 0 0 0 1 2.453
0 1 1 0 1 1 0 0 0 0 1 2.094
0 0 0 1 0 1 0 0 0 0 0 1.938
1 1 1 0 0 1 0 0 1 0 1 2.156
1 1 0 1 1 1 0 0 0 0 0 1.844
0 1 1 1 0 1 0 0 0 0 1 0.643
0 1 1 1 1 1 0 0 0 0 1 1.548
1 1 1 0 0 1 0 0 1 0 1 1.33
1 1 1 1 0 1 0 0 1 0 1 1.345
1 0 1 0 0 1 1 0 0 0 1 1.189
0 0 1 0 0 1 0 0 0 0 1 1.844
0 0 1 0 0 1 0 0 1 0 1 0.862
1 0 1 1 0 1 1 0 0 0 1 1.282
1 1 1 0 0 1 1 0 0 0 1 0.347
0 0 1 1 0 1 0 0 1 0 1 0.846
0 0 0 1 1 1 0 0 0 0 0 1.376
1 0 0 0 0 1 0 0 1 0 0 2.312
1 0 0 1 0 1 1 0 0 0 0 1.438
1 1 0 0 0 1 1 0 0 0 0 1.563
0 1 0 1 0 1 0 0 0 0 0 1.579
1 0 0 1 0 1 0 0 1 0 0 2.202
1 1 1 0 0 1 0 0 0 0 1 1.173
0 0 1 1 0 1 0 0 0 0 1 1.049
0 1 0 0 1 1 0 0 0 0 0 2.297
1 1 1 1 0 1 0 0 1 0 1 1.703
0 1 0 1 0 1 0 0 1 0 0 1.157
0 1 0 0 0 1 0 0 0 0 0 1.079
1 0 1 1 0 1 1 0 0 0 1 2.639
0 1 1 0 1 1 0 0 0 0 1 2.702
0 1 0 0 0 1 0 0 1 0 0 2.047
1 1 1 1 0 1 0 0 0 0 1 2.905
1 1 1 1 0 1 0 0 1 0 1 0.768
0 1 0 1 0 1 0 0 1 0 0 0.877
1 0 1 1 0 1 1 0 0 0 1 0.768
0 0 1 0 0 1 0 0 0 0 1 1.127
0 0 1 1 0 1 0 0 1 0 1 0.986
0 0 0 0 0 1 0 0 0 0 0 2.687
0 0 0 1 1 1 0 0 0 0 0 2.827
0 0 1 1 1 1 0 0 0 0 1 1.22
1 1 0 1 0 1 1 0 0 0 0 1.485
1 0 0 1 0 1 0 0 1 0 0 1.064
0 0 1 0 1 1 0 0 0 0 1 0.955
1 0 0 0 0 1 1 0 0 0 0 1.236
1 1 1 0 0 1 0 0 1 0 1 1.111
1 1 0 0 0 1 1 0 0 0 0 1.954
1 0 0 1 0 1 1 0 0 0 0 2.202
0 0 1 1 0 1 0 0 0 0 1 1.766
1 1 1 0 0 1 1 0 0 0 1 1.236
1 1 1 1 0 1 0 0 1 0 1 1.969
0 1 0 0 0 1 0 0 0 0 0 0.518
0 0 0 1 0 1 1 0 0 0 0 0.876
1 1 1 1 1 1 0 0 0 0 1 1.064
0 1 0 1 0 1 0 0 1 0 0 0.83
1 1 1 0 1 1 0 0 0 0 1 1.579
0 0 1 1 0 1 0 0 0 0 1 1.563
0 0 1 1 1 1 0 0 0 0 1 1.345
1 1 0 0 0 1 1 0 0 0 0 2.733
0 0 1 0 1 1 0 0 0 0 1 1.08
0 0 0 1 0 1 0 0 0 0 0 1.36
0 0 0 0 0 1 1 0 0 0 0 1.345
1 0 0 0 0 1 0 0 1 0 0 1.516
0 0 1 0 0 1 0 0 0 0 1 1.111
0 1 0 0 1 1 0 0 0 0 0 0.83
0 0 1 0 0 1 1 0 0 0 1 0.893
0 0 1 0 1 1 0 0 0 0 1 1.75
1 0 0 0 0 1 0 0 1 0 0 1.672
1 1 0 0 0 1 1 0 0 0 0 1.656
1 1 0 0 1 1 0 0 0 0 0 1.344
0 1 0 1 0 1 0 0 1 0 0 1.454
1 1 1 0 0 1 0 0 1 0 1 1.704
0 1 0 1 0 1 0 0 0 0 0 1.672
0 0 1 1 0 1 0 0 0 0 1 1.017
0 0 0 1 1 1 0 0 0 0 0 1.595
0 1 0 1 1 1 0 0 0 0 0 1.688
1 1 1 0 1 1 0 0 0 0 1 1.438
1 1 0 0 0 1 0 0 1 0 0 1.797
1 1 0 0 1 1 0 0 0 0 0 1.922
1 1 1 0 0 1 0 0 0 0 1 0.783
1 1 1 1 0 1 0 0 0 0 1 0.815
0 0 1 0 0 1 0 0 0 0 1 0.861
0 0 0 1 1 1 0 0 0 0 0 1.11
0 0 1 1 0 1 0 0 0 0 1 1.407
0 1 1 0 0 1 1 0 0 0 1 1.376
1 0 0 1 0 1 0 0 1 0 0 1.033
0 1 0 1 0 1 0 0 1 0 0 0.94
1 0 0 1 0 1 1 0 0 0 0 1.173
0 1 0 0 0 1 0 0 0 0 0 0.159
1 1 0 0 0 1 1 0 0 0 0 1.267
0 1 1 0 1 1 0 0 0 0 1 1.017
0 1 0 0 0 1 0 0 1 0 0 1.127
1 0 0 0 0 1 0 0 1 0 0 1.298
0 1 0 0 1 1 0 0 0 0 0 1.734
1 0 0 1 0 1 0 0 1 0 0 1.157
1 0 1 0 0 1 1 0 0 0 1 3.092
0 1 1 1 0 1 0 0 0 0 1 2.515
0 1 0 1 0 1 0 0 1 0 0 1.641
1 1 1 1 0 1 1 0 0 0 1 1.734
0 0 1 0 0 1 0 0 0 0 1 1.937
0 1 1 0 1 1 0 0 0 0 1 2.452
1 0 0 1 0 1 0 0 1 0 0 1.142
0 0 1 0 1 1 0 0 0 0 1 1.142
1 0 1 0 0 1 1 0 0 0 1 1.392
0 1 0 0 1 1 0 0 0 0 0 2.156
0 0 1 1 0 1 0 0 0 0 1 1.891
1 1 0 0 0 1 1 0 0 0 0 0.955
0 1 0 0 0 1 1 0 0 0 0 1.563
1 1 1 1 0 1 0 0 0 0 1 0.112
1 1 1 1 0 1 1 0 0 0 1 1.469
1 0 0 0 0 1 1 0 0 0 0 1.111
0 0 1 1 0 1 1 0 0 0 1 2.718
1 0 1 1 1 1 0 0 0 0 1 1.095
0 1 0 0 0 1 0 0 1 0 0 1.454
1 0 0 1 0 1 0 0 1 0 0 1.017
0 1 1 1 1 1 0 0 0 0 1 1.08
1 0 0 1 0 1 0 0 0 0 0 0.862
0 1 0 1 0 1 1 0 0 0 0 1.766
1 0 0 0 0 1 0 0 0 0 0 1.096
0 1 0 1 1 1 0 0 0 0 0 1.501
0 0 1 1 0 1 0 0 1 0 1 0.924
1 0 1 0 0 1 0 0 0 0 1 1.626
1 1 1 1 0 1 0 0 0 0 1 2.125
0 1 1 0 0 1 0 0 0 0 1 2.483
1 0 0 0 1 1 0 0 0 0 0 0.642
1 1 0 0 0 1 0 0 1 0 0 0.299
0 0 1 1 0 1 0 0 1 0 1 2.92
1 1 1 1 0 1 0 0 0 0 1 1.235
1 1 1 1 1 1 0 0 0 0 1 1.282
1 0 0 1 0 1 1 0 0 0 0 1.47
0 0 1 0 0 1 0 0 1 0 1 1.751
1 1 0 1 0 1 1 0 0 0 0 1.626
1 1 1 1 0 1 0 0 1 0 1 0.955
1 0 0 0 1 1 0 0 0 0 0 1.532
1 0 0 1 1 1 0 0 0 0 0 0.955
1 1 1 1 0 1 0 0 1 0 1 1.813
0 1 0 1 1 1 0 0 0 0 0 0.502
0 0 0 1 0 1 1 0 0 0 0 2.359
1 0 0 1 0 1 0 0 1 0 0 1.47
1 1 1 0 0 1 0 0 1 0 1 1.049
1 0 1 0 0 1 1 0 0 0 1 0.783
1 1 1 1 1 1 0 0 0 0 1 0.877
1 1 1 1 0 1 0 0 0 0 1 0.705
0 1 0 0 0 1 0 0 0 0 0 0.798
0 0 1 1 1 1 0 0 0 0 1 1.204
1 0 1 0 1 1 0 0 0 0 1 1.61
1 1 0 0 1 1 0 0 0 0 0 1.75
0 1 1 1 1 1 0 0 0 0 1 0.892
1 0 1 1 0 1 0 0 0 0 1 0.346
1 1 1 0 1 1 0 0 0 0 1 1.22
0 0 1 1 0 1 0 0 1 0 1 0.908
1 0 1 1 1 1 0 0 0 0 1 2.827
0 1 1 1 0 1 0 0 0 0 1 2.78
0 1 1 0 0 1 0 0 1 0 1 2.936
0 0 1 0 0 1 0 0 1 0 1 0.908
0 0 1 0 1 1 0 0 0 0 1 2.437
1 1 0 0 0 1 1 0 0 0 0 2.826
1 0 0 0 0 1 0 0 1 0 0 2.843
0 0 1 0 0 1 0 0 1 0 1 0.424
1 1 1 0 0 1 0 0 1 0 1 2.277
1 1 0 1 1 1 0 0 0 0 0 2.453
0 0 1 0 1 1 0 0 0 0 1 0.482
1 1 0 0 0 1 1 0 0 0 0 0.803
0 1 1 0 0 1 0 0 0 0 1 2.573
1 1 1 1 0 1 0 0 1 0 1 0.162
1 1 0 0 0 1 1 0 0 0 0 0.985
1 1 0 1 1 1 0 0 0 0 0 2.885
1 0 0 1 0 1 0 0 1 0 0 2.675
0 1 0 1 0 1 0 0 1 0 0 1.947
0 0 1 0 0 1 0 0 0 0 1 1.884
0 0 1 0 1 1 0 0 0 0 1 1.96
0 0 1 0 0 1 0 0 1 0 1 1.191
1 0 1 0 0 1 1 0 0 0 1 1.491
1 1 1 1 1 1 0 0 0 0 1 2.141
1 0 0 1 0 1 0 0 0 0 0 1.176
1 0 0 0 0 1 0 0 1 0 0 1.029
1 0 0 1 0 1 1 0 0 0 0 2.294
1 0 0 1 1 1 0 0 0 0 0 2.316
1 1 1 0 0 1 0 0 1 0 1 1.305
1 0 1 1 0 1 1 0 0 0 1 3.014
0 1 1 1 0 1 0 0 0 0 1 0.817
1 0 1 1 0 1 0 0 1 0 1 0.826
0 1 0 0 1 1 0 0 0 0 0 0.882
1 0 0 0 0 1 1 0 0 0 0 0.038
1 1 0 1 0 1 1 0 0 0 0 2.336
0 1 0 0 0 1 0 0 0 0 0 1.945
0 1 1 0 0 1 0 0 0 0 1 2.957
0 0 0 1 0 1 0 0 1 0 0 2.608
1 1 1 1 0 1 0 0 0 0 1 1.915
0 0 0 1 1 1 0 0 0 0 0 2.432
1 0 1 1 0 1 0 0 1 0 1 1.085
0 1 0 1 0 1 0 0 1 0 0 3.055
1 1 1 0 0 1 0 0 1 0 1 1.128
0 0 1 1 0 1 0 0 1 0 1 1.446
1 0 0 0 0 1 0 0 1 0 0 1.245
0 0 1 1 0 1 1 0 0 0 1 2.983
0 1 0 0 0 1 0 0 1 0 0 1.922
1 0 0 1 0 1 1 0 0 0 0 2.586
0 0 0 0 0 1 1 0 0 0 0 1.233
0 1 0 1 0 1 0 0 1 0 0 1.19
1 1 1 1 0 1 0 0 1 0 1 0.671
1 1 0 0 0 1 0 0 0 0 0 0.665
