0 0 0 1 0 1 1 0 0 0 0 2.593
0 1 0 0 0 1 0 0 0 0 0 0.705
0 1 0 1 1 1 0 0 0 0 0 1.782
1 1 1 1 1 1 0 0 0 0 1 0.877
1 1 1 0 0 1 0 0 1 0 1 0.94
1 1 1 1 0 1 0 0 0 0 1 0.798
0 0 1 1 0 1 0 0 0 0 1 0.767
0 1 0 0 0 1 0 0 1 0 0 0.845
1 1 1 0 0 1 0 0 0 0 1 1.485
0 1 0 1 0 1 0 0 0 0 0 0.877
0 0 1 0 0 1 1 0 0 0 1 1.126
1 1 1 0 0 1 1 0 0 0 1 0.752
1 1 1 1 0 1 1 0 0 0 1 0.954
0 0 0 1 0 1 0 0 1 0 0 2.452
1 0 0 0 0 1 0 0 0 0 0 1.064
1 1 1 1 0 1 0 0 1 0 1 0.658
1 0 0 1 0 1 0 0 0 0 0 1.033
0 0 1 1 0 1 1 0 0 0 1 1.61
0 0 1 1 0 1 0 0 1 0 1 0.986
1 1 1 0 1 1 0 0 0 0 1 0.955
0 0 1 0 0 1 0 0 0 0 1 0.768
1 0 1 0 1 1 0 0 0 0 1 0.846
0 1 0 1 0 1 1 0 0 0 0 1.048
1 1 0 0 1 1 0 0 0 0 0 0.877
0 0 1 0 0 1 0 0 1 0 1 0.705
1 0 0 0 0 1 1 0 0 0 0 0.893
1 0 0 0 1 1 0 0 0 0 0 0.783
1 1 0 0 0 1 1 0 0 0 0 0.736
0 1 0 1 0 1 0 0 1 0 0 1.282
1 0 0 0 0 1 0 0 1 0 0 1.735
0 0 1 1 1 1 0 0 0 0 1 0.954
0 0 0 1 1 1 0 0 0 0 0 1.407
0 1 0 1 0 1 0 0 1 0 0 2.015
1 0 1 1 0 1 1 0 0 0 1 1.578
1 1 1 0 0 1 0 0 0 0 1 1.516
0 1 0 0 0 1 0 0 1 0 0 1.438
0 1 0 0 1 1 0 0 0 0 0 1.392
1 1 1 1 0 1 1 0 0 0 1 1.064
1 1 0 0 0 1 1 0 0 0 0 2.156
1 0 0 0 0 1 0 0 1 0 0 2
1 1 0 1 1 1 0 0 0 0 0 2.187
1 1 1 1 1 1 0 0 0 0 1 1.298
0 0 1 1 1 1 0 0 0 0 1 2.156
1 1 1 1 0 1 0 0 1 0 1 1.626
1 1 0 1 0 1 0 0 0 0 0 2.172
1 1 0 1 0 1 1 0 0 0 0 1.641
0 0 1 0 0 1 0 0 1 0 1 0.923
0 1 0 0 0 1 0 0 0 0 0 1.891
1 0 0 1 0 1 0 0 0 0 0 1.282
0 0 1 1 0 1 0 0 0 0 1 1.017
1 1 1 0 0 1 0 0 1 0 1 0.846
0 0 1 0 1 1 0 0 0 0 1 0.877
1 1 1 0 0 1 1 0 0 0 1 0.798
1 0 0 1 0 1 1 0 0 0 0 0.955
0 0 1 1 0 1 0 0 1 0 1 1.235
1 0 0 0 0 1 0 0 0 0 0 0.892
0 0 0 1 1 1 0 0 0 0 0 1.781
0 0 1 0 0 1 1 0 0 0 1 1.298
1 0 0 1 0 1 0 0 1 0 0 1.142
0 0 0 0 1 1 0 0 0 0 0 1.36
0 0 0 0 0 1 1 0 0 0 0 0.908
0 1 1 0 1 1 0 0 0 0 1 1.08
1 1 1 1 0 1 0 0 0 0 1 0.908
0 0 1 0 0 1 0 0 0 0 1 1.157
1 0 0 0 0 1 1 0 0 0 0 1.532
1 1 1 1 0 1 1 0 0 0 1 1.189
0 0 1 1 0 1 0 0 0 0 1 0.971
1 0 1 0 0 1 0 0 0 0 1 0.736
0 1 0 0 1 1 0 0 0 0 0 0.768
1 1 0 0 0 1 1 0 0 0 0 0.721
1 1 1 0 0 1 0 0 0 0 1 0.752
0 1 0 0 0 1 0 0 0 0 0 0.799
1 0 0 1 0 1 1 0 0 0 0 1.283
1 1 0 1 1 1 0 0 0 0 0 1.158
1 0 0 0 0 1 0 0 1 0 0 0.814
1 0 0 0 0 1 0 0 0 0 0 1.001
1 1 1 0 0 1 1 0 0 0 1 1.407
0 1 0 1 0 1 0 0 0 0 0 1.142
1 0 0 1 0 1 0 0 0 0 0 1.079
1 1 1 0 0 1 0 0 1 0 1 0.83
0 0 0 1 1 1 0 0 0 0 0 1.454
0 0 1 1 0 1 1 0 0 0 1 1.61
1 1 0 1 0 1 0 0 1 0 0 2.764
1 1 1 1 1 1 0 0 0 0 1 1.174
0 0 1 1 1 1 0 0 0 0 1 1.173
0 0 1 0 1 1 0 0 0 0 1 1.407
0 1 0 1 0 1 1 0 0 0 0 1.501
0 0 1 1 0 1 0 0 1 0 1 1.002
1 1 1 1 0 1 0 0 1 0 1 0.721
0 1 1 1 0 1 0 0 0 0 1 1.517
0 0 1 0 0 1 1 0 0 0 1 1.423
0 0 0 1 0 1 0 0 1 0 0 1.423
1 1 1 0 1 1 0 0 0 0 1 0.783
0 0 1 0 0 1 0 0 1 0 1 0.877
1 0 0 0 1 1 0 0 0 0 0 0.955
0 1 0 0 0 1 0 0 1 0 0 0.798
0 0 1 1 0 1 0 0 0 0 1 1.079
1 1 0 0 1 1 0 0 0 0 0 1.22
0 1 1 0 0 1 1 0 0 0 1 1.47
0 0 0 1 0 1 1 0 0 0 0 1.922
1 1 0 0 0 1 1 0 0 0 0 1.47
0 0 1 0 0 1 0 0 1 0 1 1.844
1 0 0 0 0 1 0 0 1 0 0 1.267
0 0 1 0 0 1 1 0 0 0 1 2.187
0 0 1 1 0 1 0 0 1 0 1 1.36
0 1 1 0 0 1 0 0 1 0 1 1.329
1 1 1 1 0 1 0 0 1 0 1 0.845
1 0 0 1 0 1 0 0 1 0 0 0.986
0 0 0 1 1 1 0 0 0 0 0 1.002
0 0 1 0 0 1 0 0 0 0 1 0.908
1 1 0 1 0 1 0 0 1 0 0 2.312
0 0 1 0 1 1 0 0 0 0 1 0.83
1 1 0 1 1 1 0 0 0 0 0 2.608
1 1 1 1 1 1 0 0 0 0 1 1.61
1 1 1 0 0 1 0 0 0 0 1 0.783
0 1 0 1 0 1 1 0 0 0 0 1.407
0 1 0 0 0 1 0 0 0 0 0 0.799
1 1 1 0 1 1 0 0 0 0 1 0.767
1 0 0 0 0 1 0 0 0 0 0 0.814
0 1 0 0 0 1 0 0 1 0 0 0.924
0 0 1 1 1 1 0 0 0 0 1 1.579
0 0 0 1 0 1 0 0 0 0 0 1.173
1 1 1 1 0 1 1 0 0 0 1 1.048
0 1 0 1 0 1 0 0 0 0 0 0.893
1 0 0 0 0 1 1 0 0 0 0 0.815
1 0 1 1 0 1 1 0 0 0 1 1.813
0 0 0 0 1 1 0 0 0 0 0 1.579
1 1 1 1 0 1 0 0 0 0 1 0.721
1 1 0 1 0 1 1 0 0 0 0 1.407
1 1 1 0 0 1 0 0 0 0 1 0.768
1 1 1 0 1 1 0 0 0 0 1 0.767
1 1 1 1 0 1 0 0 0 0 1 0.689
0 0 1 0 0 1 0 0 0 0 1 0.767
0 0 1 1 1 1 0 0 0 0 1 0.923
1 0 0 0 0 1 0 0 1 0 0 0.799
1 1 0 1 1 1 0 0 0 0 0 1.048
0 0 1 1 0 1 0 0 0 0 1 2.281
1 1 0 0 0 1 1 0 0 0 0 0.798
1 1 1 1 0 1 1 0 0 0 1 0.814
1 0 0 0 1 1 0 0 0 0 0 1.032
0 0 0 1 0 1 1 0 0 0 0 1.391
1 1 0 0 1 1 0 0 0 0 0 0.736
1 0 0 1 1 1 0 0 0 0 0 1.532
1 1 1 0 0 1 1 0 0 0 1 0.674
0 0 0 1 0 1 0 0 1 0 0 1.548
1 1 0 1 0 1 0 0 0 0 0 1.501
0 1 0 1 0 1 0 0 1 0 0 1.875
0 0 1 0 0 1 0 0 1 0 1 0.986
0 0 1 1 0 1 1 0 0 0 1 1.953
1 1 1 1 1 1 0 0 0 0 1 0.846
1 0 0 0 0 1 0 0 0 0 0 0.846
0 0 1 1 0 1 0 0 1 0 1 0.737
0 0 0 0 0 1 1 0 0 0 0 1.454
0 1 0 0 0 1 0 0 0 0 0 1.313
0 0 0 1 0 1 0 0 0 0 0 1.251
1 1 1 0 0 1 0 0 1 0 1 0.768
1 0 1 0 0 1 1 0 0 0 1 2.375
0 0 1 0 1 1 0 0 0 0 1 1.158
1 1 1 1 0 1 0 0 1 0 1 0.908
0 1 0 0 0 1 0 0 1 0 0 0.877
1 0 0 0 0 1 0 0 0 0 0 0.674
1 0 1 0 1 1 0 0 0 0 1 0.861
0 0 1 0 0 1 0 0 1 0 1 0.627
0 0 1 0 0 1 0 0 0 0 1 0.846
1 1 1 1 1 1 0 0 0 0 1 1.017
1 1 1 0 1 1 0 0 0 0 1 0.658
0 0 0 1 0 1 1 0 0 0 0 0.783
0 0 1 0 0 1 1 0 0 0 1 0.877
1 1 1 0 0 1 1 0 0 0 1 0.955
1 1 0 0 0 1 1 0 0 0 0 0.72
0 0 1 1 0 1 0 0 1 0 1 0.658
1 0 1 1 1 1 0 0 0 0 1 2.187
1 0 0 1 0 1 0 0 0 0 0 1.079
0 0 1 1 0 1 1 0 0 0 1 0.923
0 1 0 1 0 1 0 0 0 0 0 2.031
0 1 0 1 1 1 0 0 0 0 0 0.924
1 1 0 1 0 1 0 0 1 0 0 0.893
1 1 0 0 0 1 0 0 1 0 0 1.033
1 0 0 0 0 1 0 0 1 0 0 0.643
1 1 1 1 0 1 0 0 0 0 1 0.798
1 1 1 1 0 1 1 0 0 0 1 0.845
1 1 0 0 1 1 0 0 0 0 0 0.814
1 1 1 0 0 1 0 0 1 0 1 0.659
1 0 0 1 0 1 0 0 1 0 0 0.924
0 1 0 0 0 1 0 0 0 0 0 0.768
0 0 1 1 0 1 0 0 0 0 1 0.674
1 0 0 1 1 1 0 0 0 0 0 1.345
1 1 1 0 0 1 0 0 0 0 1 0.658
1 0 0 0 1 1 0 0 0 0 0 0.627
1 1 1 1 0 1 0 0 1 0 1 0.643
1 1 0 1 0 1 1 0 0 0 0 1.907
1 0 0 0 0 1 1 0 0 0 0 1.361
0 1 0 1 0 1 1 0 0 0 0 1.36
0 0 1 1 1 1 0 0 0 0 1 2.188
1 0 1 0 0 1 1 0 0 0 1 0.69
1 1 1 1 0 1 1 0 0 0 1 0.877
1 1 1 0 0 1 0 0 1 0 1 0.518
1 1 0 0 0 1 1 0 0 0 0 0.783
0 0 1 0 0 1 0 0 0 0 1 1.407
1 1 0 1 0 1 0 0 1 0 0 1.735
1 0 0 1 0 1 0 0 1 0 0 0.955
1 0 0 0 1 1 0 0 0 0 0 0.893
0 1 1 0 0 1 1 0 0 0 1 1.126
0 0 1 0 1 1 0 0 0 0 1 1.423
1 1 1 1 0 1 0 0 1 0 1 0.612
0 0 1 1 0 1 0 0 1 0 1 1.189
0 0 1 1 0 1 1 0 0 0 1 1.875
1 1 1 1 1 1 0 0 0 0 1 1.61
1 1 0 1 0 1 0 0 0 0 0 1.688
1 0 0 1 0 1 0 0 0 0 0 0.954
1 1 1 0 0 1 0 0 0 0 1 0.736
0 0 0 0 0 1 0 0 0 0 0 1.329
1 1 1 1 0 1 0 0 0 0 1 1.064
1 1 0 1 1 1 0 0 0 0 0 0.767
0 1 0 0 1 1 0 0 0 0 0 0.658
0 1 0 0 0 1 0 0 1 0 0 0.971
1 0 0 0 0 1 1 0 0 0 0 0.737
0 0 1 0 0 1 0 0 1 0 1 0.986
0 1 0 0 0 1 0 0 0 0 0 0.784
1 0 0 0 0 1 0 0 1 0 0 0.721
0 0 0 1 0 1 1 0 0 0 0 0.862
1 1 1 0 1 1 0 0 0 0 1 0.658
0 0 1 1 0 1 0 0 0 0 1 1.189
0 0 0 1 1 1 0 0 0 0 0 1.017
0 0 1 1 0 1 1 0 0 0 1 1.282
1 1 1 0 0 1 0 0 0 0 1 0.83
0 0 0 0 1 1 0 0 0 0 0 0.783
1 0 0 1 0 1 0 0 1 0 0 1.782
0 0 0 0 0 1 1 0 0 0 0 0.893
1 1 1 1 0 1 1 0 0 0 1 0.815
0 1 0 0 0 1 0 0 1 0 0 0.659
1 1 0 1 0 1 0 0 1 0 0 1.158
0 0 1 0 0 1 0 0 1 0 1 0.877
1 1 1 0 0 1 0 0 1 0 1 0.815
0 0 1 1 1 1 0 0 0 0 1 0.955
0 1 0 0 0 1 1 0 0 0 0 1.454
0 0 0 1 1 1 0 0 0 0 0 1.204
0 0 1 1 0 1 0 0 1 0 1 1.189
0 1 0 0 0 1 0 0 0 0 0 0.892
1 1 0 1 0 1 1 0 0 0 0 1.564
1 1 1 1 0 1 0 0 1 0 1 1.236
0 0 1 0 0 1 0 0 0 0 1 1.111
0 0 1 1 0 1 0 0 0 0 1 0.752
1 1 0 0 1 1 0 0 0 0 0 1.173
1 0 1 0 1 1 0 0 0 0 1 1.782
1 0 1 0 0 1 1 0 0 0 1 0.861
1 1 1 0 0 1 1 0 0 0 1 0.721
1 0 0 0 0 1 0 0 1 0 0 0.83
0 0 0 1 0 1 1 0 0 0 0 2
1 1 0 1 0 1 0 0 0 0 0 1.204
1 1 1 1 0 1 0 0 0 0 1 1.314
1 0 0 0 0 1 0 0 0 0 0 0.706
0 0 0 1 0 1 0 0 0 0 0 1.376
1 1 1 1 1 1 0 0 0 0 1 0.893
1 1 1 0 1 1 0 0 0 0 1 0.69
1 1 0 1 1 1 0 0 0 0 0 2.031
0 1 0 0 1 1 0 0 0 0 0 1.579
1 0 0 1 0 1 1 0 0 0 0 1.392
1 0 1 1 0 1 0 0 1 0 1 1.423
1 0 0 0 0 1 1 0 0 0 0 1.22
1 1 1 1 0 1 1 0 0 0 1 1.033
1 1 1 1 0 1 0 0 1 0 1 0.596
1 0 0 0 1 1 0 0 0 0 0 0.877
1 1 1 0 0 1 0 0 1 0 1 0.549
0 0 1 1 0 1 1 0 0 0 1 0.923
0 0 1 0 0 1 0 0 1 0 1 0.767
0 0 1 0 0 1 0 0 0 0 1 1.001
0 1 0 0 0 1 0 0 1 0 0 0.72
0 1 0 0 0 1 0 0 0 0 0 2
1 1 1 0 0 1 0 0 0 0 1 0.721
1 1 0 0 0 1 1 0 0 0 0 1.314
0 0 1 0 1 1 0 0 0 0 1 1.002
1 0 1 0 0 1 1 0 0 0 1 2.406
0 1 0 1 0 1 1 0 0 0 0 1.22
0 1 1 0 1 1 0 0 0 0 1 1.844
0 0 0 0 0 1 0 0 0 0 0 1.126
0 1 0 1 0 1 0 0 1 0 0 1.344
1 0 0 0 0 1 0 0 1 0 0 0.627
1 1 1 1 1 1 0 0 0 0 1 1.564
0 0 1 1 0 1 0 0 0 0 1 0.861
0 0 0 1 1 1 0 0 0 0 0 0.876
1 1 0 1 0 1 0 0 0 0 0 2.218
0 0 1 1 1 1 0 0 0 0 1 1.5
0 0 0 1 0 1 0 0 0 0 0 1.703
0 1 0 1 1 1 0 0 0 0 0 2.078
1 1 1 1 0 1 0 0 0 0 1 1.47
1 0 0 1 0 1 0 0 1 0 0 2.016
1 1 1 0 0 1 1 0 0 0 1 0.893
1 0 0 1 0 1 0 0 0 0 0 1.158
0 1 0 0 0 1 0 0 1 0 0 0.674
1 0 0 1 0 1 0 0 1 0 0 1.922
0 0 1 1 1 1 0 0 0 0 1 1.875
1 1 0 1 0 1 0 0 0 0 0 1.812
1 1 0 0 0 1 1 0 0 0 0 1.033
0 0 1 0 0 1 0 0 0 0 1 0.892
0 0 1 0 0 1 0 0 1 0 1 1.142
1 0 1 0 0 1 1 0 0 0 1 2.998
1 1 0 1 0 1 1 0 0 0 0 1.157
0 0 0 1 1 1 0 0 0 0 0 1.251
1 1 0 0 1 1 0 0 0 0 0 0.877
0 0 1 1 0 1 0 0 1 0 1 1.096
0 0 1 0 1 1 0 0 0 0 1 2
1 1 1 1 1 1 0 0 0 0 1 0.908
0 0 0 1 0 1 1 0 0 0 0 1.079
1 1 0 0 0 1 0 0 0 0 0 1.641
1 1 1 0 1 1 0 0 0 0 1 0.659
1 1 1 0 0 1 0 0 1 0 1 0.612
0 0 1 1 0 1 1 0 0 0 1 2.156
1 1 1 1 0 1 1 0 0 0 1 1.578
1 0 0 0 0 1 0 0 1 0 0 0.767
1 1 1 0 0 1 1 0 0 0 1 0.721
1 1 0 1 1 1 0 0 0 0 0 0.736
1 1 0 1 0 1 0 0 1 0 0 0.97
1 0 0 0 0 1 1 0 0 0 0 1.5
1 0 0 0 1 1 0 0 0 0 0 0.799
1 0 0 0 0 1 0 0 0 0 0 1.236
1 1 1 0 0 1 0 0 0 0 1 0.674
0 0 1 1 0 1 0 0 0 0 1 1.126
1 1 1 1 0 1 0 0 1 0 1 0.846
1 1 1 1 0 1 0 0 0 0 1 1.049
