0 0 1 1 0 1 0 0 1 0 1 1.392
1 1 1 1 0 1 0 0 1 0 1 1.002
1 1 0 1 1 1 0 0 0 0 0 1.454
0 0 1 1 0 1 0 0 0 0 1 0.893
1 1 1 1 0 1 0 0 0 0 1 1.033
1 0 1 0 0 1 0 0 0 0 1 1.844
1 1 0 1 0 1 0 0 0 0 0 1.189
0 1 0 0 0 1 1 0 0 0 0 1.267
1 1 1 1 1 1 0 0 0 0 1 1.454
0 1 0 0 1 1 0 0 0 0 0 2.046
0 0 0 0 1 1 0 0 0 0 0 2.078
0 0 1 0 0 1 1 0 0 0 1 1.626
1 1 0 1 0 1 1 0 0 0 0 1.532
1 1 1 0 1 1 0 0 0 0 1 2.577
0 1 0 0 0 1 0 0 1 0 0 0.939
0 1 0 1 0 1 0 0 1 0 0 2.078
1 0 0 1 1 1 0 0 0 0 0 1.345
1 0 0 1 0 1 0 0 0 0 0 1.657
0 0 1 1 1 1 0 0 0 0 1 1.875
1 1 1 0 0 1 0 0 1 0 1 1.579
0 1 1 1 0 1 1 0 0 0 1 1.438
0 0 0 1 0 1 1 0 0 0 0 1.703
1 1 1 0 0 1 0 0 0 0 1 0.955
1 0 0 0 0 1 0 0 1 0 0 1.813
0 0 1 0 0 1 0 0 1 0 1 1.158
0 0 0 0 0 1 0 0 0 0 0 1.439
0 0 0 0 0 1 1 0 0 0 0 1.813
0 1 0 0 0 1 0 0 0 0 0 1.314
1 0 1 0 1 1 0 0 0 0 1 1.844
0 0 1 1 0 1 1 0 0 0 1 2.904
0 1 1 0 0 1 1 0 0 0 1 2.343
1 0 0 1 0 1 0 0 1 0 0 1.423
0 0 0 1 0 1 1 0 0 0 0 1.11
0 1 1 0 1 1 0 0 0 0 1 1.563
0 1 0 0 0 1 0 0 0 0 0 0.83
1 1 1 1 1 1 0 0 0 0 1 1.954
0 0 1 1 0 1 0 0 1 0 1 0.783
0 1 1 0 0 1 1 0 0 0 1 0.705
1 0 1 0 0 1 1 0 0 0 1 1.251
1 1 1 1 0 1 0 0 0 0 1 1.048
0 0 1 1 0 1 0 0 0 0 1 2.031
1 1 1 1 0 1 0 0 1 0 1 1.283
0 1 0 1 0 1 0 0 1 0 0 2.562
1 0 0 1 1 1 0 0 0 0 0 2.577
0 1 0 0 1 1 0 0 0 0 0 2.811
0 1 1 0 0 1 0 0 0 0 1 2.078
0 0 1 0 1 1 0 0 0 0 1 2.093
1 0 0 1 0 1 0 0 0 0 0 1.173
0 1 0 1 1 1 0 0 0 0 0 2.141
1 1 0 1 0 1 1 0 0 0 0 1.984
0 0 1 1 0 1 1 0 0 0 1 2.92
0 1 1 0 0 1 0 0 1 0 1 2.234
0 1 0 0 0 1 0 0 1 0 0 1.517
0 1 1 1 0 1 1 0 0 0 1 1.36
0 0 1 0 0 1 0 0 1 0 1 1.033
1 0 0 0 0 1 0 0 0 0 0 1.111
0 0 0 0 1 1 0 0 0 0 0 2.936
0 0 1 1 1 1 0 0 0 0 1 2.889
0 1 0 0 0 1 1 0 0 0 0 0.939
0 1 0 1 0 1 0 0 0 0 0 2.016
0 0 0 1 0 1 0 0 1 0 0 1.423
1 0 0 0 0 1 0 0 1 0 0 0.924
1 0 0 0 0 1 1 0 0 0 0 1.688
0 0 1 0 0 1 0 0 0 0 1 1.032
1 1 1 1 0 1 1 0 0 0 1 1.033
1 0 0 1 0 1 1 0 0 0 0 2.686
1 1 1 0 0 1 0 0 1 0 1 0.97
1 0 0 0 0 1 1 0 0 0 0 0.861
1 1 1 1 0 1 0 0 0 0 1 1.407
0 0 1 1 1 1 0 0 0 0 1 1.017
1 0 0 1 1 1 0 0 0 0 0 1.049
1 0 1 0 1 1 0 0 0 0 1 1.189
1 1 1 0 1 1 0 0 0 0 1 1.111
1 0 1 0 0 1 0 0 0 0 1 0.768
0 1 0 1 1 1 0 0 0 0 0 1.142
1 0 1 0 0 1 1 0 0 0 1 1.781
1 0 1 1 0 1 0 0 0 0 1 0.939
1 1 0 0 0 1 0 0 0 0 0 1.345
0 0 1 1 0 1 1 0 0 0 1 1.205
0 0 1 1 0 1 0 0 1 0 1 1.766
0 1 0 0 0 1 0 0 1 0 0 1.407
0 1 1 1 1 1 0 0 0 0 1 2.156
1 0 0 1 0 1 0 0 1 0 0 1.267
1 0 0 0 0 1 0 0 0 0 0 0.83
1 0 0 0 1 1 0 0 0 0 0 1.158
0 1 1 1 0 1 0 0 1 0 1 1.984
0 1 0 1 0 1 0 0 0 0 0 0.955
1 1 0 0 0 1 1 0 0 0 0 1.392
1 0 0 0 0 1 0 0 1 0 0 0.955
1 0 0 1 0 1 0 0 0 0 0 1.095
1 1 0 1 0 1 1 0 0 0 0 1.298
0 0 1 0 0 1 0 0 1 0 1 1.407
0 1 0 1 0 1 0 0 1 0 0 1.345
0 1 1 0 0 1 1 0 0 0 1 1.266
1 1 1 0 0 1 0 0 0 0 1 0.877
0 1 0 0 1 1 0 0 0 0 0 0.908
0 1 0 0 0 1 0 0 1 0 0 1.049
0 1 0 1 0 1 0 0 0 0 0 0.986
1 1 0 1 0 1 1 0 0 0 0 1.235
0 0 1 1 0 1 0 0 0 0 1 1.469
0 1 0 0 0 1 0 0 0 0 0 0.627
0 0 1 0 0 1 0 0 0 0 1 0.924
1 0 0 1 0 1 0 0 0 0 0 0.939
0 1 0 1 0 1 0 0 1 0 0 1.875
1 1 1 1 0 1 0 0 0 0 1 1.08
1 0 0 0 0 1 0 0 0 0 0 0.736
1 0 1 0 0 1 1 0 0 0 1 0.658
1 0 0 1 0 1 1 0 0 0 0 2.109
1 1 0 0 0 1 1 0 0 0 0 0.799
0 1 0 0 1 1 0 0 0 0 0 0.768
0 0 0 0 1 1 0 0 0 0 0 1.486
1 0 1 0 1 1 0 0 0 0 1 1.626
1 0 0 0 0 1 1 0 0 0 0 0.815
1 1 1 0 1 1 0 0 0 0 1 1.657
0 1 0 1 1 1 0 0 0 0 0 0.892
1 1 1 0 0 1 0 0 1 0 1 0.721
1 1 1 0 0 1 0 0 0 0 1 0.799
0 0 1 1 1 1 0 0 0 0 1 1.111
0 0 1 0 0 1 0 0 1 0 1 1.032
0 0 1 1 0 1 0 0 1 0 1 0.845
0 1 1 1 0 1 1 0 0 0 1 1.469
0 0 1 1 0 1 1 0 0 0 1 1.204
0 1 1 0 0 1 1 0 0 0 1 0.767
1 1 1 1 0 1 0 0 1 0 1 0.861
0 0 0 1 1 1 0 0 0 0 0 1.189
0 0 0 1 0 1 0 0 1 0 0 1.361
1 0 0 0 0 1 0 0 1 0 0 0.768
0 1 1 1 1 1 0 0 0 0 1 2.094
1 1 0 1 0 1 0 0 0 0 0 1.907
1 0 0 0 0 1 0 0 1 0 0 1.095
0 1 1 1 1 1 0 0 0 0 1 2.639
1 1 1 1 0 1 1 0 0 0 1 0.72
0 1 0 0 1 1 0 0 0 0 0 2.281
1 1 1 0 0 1 0 0 1 0 1 0.72
0 0 1 0 0 1 0 0 1 0 1 1.641
0 0 1 0 0 1 0 0 0 0 1 1.252
1 0 1 0 1 1 0 0 0 0 1 2.577
1 0 0 1 1 1 0 0 0 0 0 2.156
0 1 0 1 0 1 0 0 1 0 0 2.811
0 0 0 0 1 1 0 0 0 0 0 2.796
0 0 1 0 0 1 1 0 0 0 1 1.641
1 1 1 0 0 1 0 0 0 0 1 0.752
1 0 0 1 0 1 0 0 1 0 0 0.94
1 1 0 0 0 1 1 0 0 0 0 1.61
1 0 1 1 0 1 1 0 0 0 1 1.236
1 0 0 1 0 1 1 0 0 0 0 0.814
0 1 0 1 1 1 0 0 0 0 0 2.187
0 1 0 0 0 1 0 0 0 0 0 0.862
0 0 1 1 0 1 0 0 1 0 1 1.173
1 1 1 0 1 1 0 0 0 0 1 0.861
0 1 0 0 0 1 0 0 1 0 0 0.705
1 1 1 1 0 1 0 0 0 0 1 1.252
0 1 1 1 0 1 0 0 1 0 1 2.359
0 0 1 1 1 1 0 0 0 0 1 0.955
1 0 0 0 0 1 1 0 0 0 0 0.893
0 1 0 1 0 1 1 0 0 0 0 1.173
1 0 0 0 0 1 0 0 0 0 0 1.033
1 0 0 1 0 1 0 0 0 0 0 1.813
1 0 1 1 0 1 0 0 0 0 1 1.829
0 1 1 0 0 1 1 0 0 0 1 2.016
1 1 1 1 1 1 0 0 0 0 1 0.814
0 1 0 1 0 1 0 0 1 0 0 1.111
1 0 0 0 0 1 0 0 1 0 0 1.126
1 0 1 1 0 1 0 0 0 0 1 1.126
1 1 1 1 0 1 0 0 1 0 1 0.705
0 1 0 0 1 1 0 0 0 0 0 0.565
0 0 1 0 1 1 0 0 0 0 1 0.612
0 1 0 1 0 1 1 0 0 0 0 1.751
1 1 1 0 0 1 0 0 0 0 1 0.924
1 0 0 1 0 1 1 0 0 0 0 0.908
0 0 1 1 1 1 0 0 0 0 1 1.298
1 1 0 0 0 1 1 0 0 0 0 0.643
1 0 1 0 0 1 1 0 0 0 1 0.518
0 1 0 0 0 1 0 0 1 0 0 1.079
1 1 1 1 0 1 1 0 0 0 1 0.923
1 0 0 0 0 1 1 0 0 0 0 0.97
1 1 0 1 1 1 0 0 0 0 0 0.752
1 0 0 1 0 1 0 0 1 0 0 1.22
0 0 0 0 1 1 0 0 0 0 0 1.049
1 0 0 0 0 1 0 0 0 0 0 0.627
0 0 1 1 0 1 0 0 1 0 1 2.093
0 0 1 1 0 1 1 0 0 0 1 2.046
1 0 0 1 0 1 0 0 0 0 0 1.376
1 0 1 0 0 1 0 0 0 0 1 0.596
1 1 1 0 0 1 1 0 0 0 1 0.549
1 0 0 1 1 1 0 0 0 0 0 0.815
0 1 1 1 0 1 0 0 0 0 1 1.688
1 1 0 1 0 1 0 0 0 0 0 1.422
0 0 1 0 0 1 0 0 1 0 1 0.939
0 1 1 0 1 1 0 0 0 0 1 0.503
0 1 1 0 0 1 0 0 1 0 1 0.861
0 1 0 0 0 1 0 0 0 0 0 0.908
0 0 1 0 0 1 1 0 0 0 1 1.002
0 0 0 0 1 1 0 0 0 0 0 1.142
0 0 0 0 0 1 0 0 1 0 0 1.017
1 1 1 0 0 1 1 0 0 0 1 0.955
0 0 1 1 1 1 0 0 0 0 1 1.719
0 1 0 0 0 1 1 0 0 0 0 0.455
0 0 1 1 0 1 0 0 0 0 1 1.157
1 1 0 1 1 1 0 0 0 0 0 0.861
0 1 0 1 0 1 0 0 0 0 0 0.549
1 1 1 1 1 1 0 0 0 0 1 1.064
1 0 0 1 0 1 0 0 1 0 0 0.674
0 0 0 1 1 1 0 0 0 0 0 1.313
1 1 1 1 0 1 0 0 0 0 1 1.001
1 0 0 0 0 1 0 0 0 0 0 1.189
1 0 0 0 0 1 1 0 0 0 0 0.581
0 0 1 0 0 1 0 0 1 0 1 0.877
0 0 1 0 1 1 0 0 0 0 1 0.893
0 0 1 1 0 1 1 0 0 0 1 1.517
0 1 0 0 0 1 0 0 0 0 0 1.485
0 0 0 1 0 1 1 0 0 0 0 2.405
0 1 0 0 1 1 0 0 0 0 0 0.58
1 0 0 1 0 1 0 0 0 0 0 2.094
0 1 1 1 0 1 1 0 0 0 1 1.033
1 1 1 0 0 1 0 0 0 0 1 1.173
0 1 0 1 0 1 0 0 1 0 0 0.877
1 0 1 0 0 1 0 0 0 0 1 0.799
0 0 1 1 0 1 0 0 1 0 1 1.189
0 1 0 0 0 1 0 0 1 0 0 0.658
0 1 0 1 0 1 1 0 0 0 0 0.502
0 1 1 0 1 1 0 0 0 0 1 0.737
1 1 1 1 0 1 0 0 1 0 1 1.438
1 1 1 0 0 1 0 0 1 0 1 0.799
1 1 1 1 0 1 0 0 1 0 1 0.69
0 0 1 1 0 1 0 0 0 0 1 1.095
0 1 0 1 0 1 0 0 1 0 0 0.97
0 0 1 1 0 1 1 0 0 0 1 1.61
0 1 0 1 1 1 0 0 0 0 0 0.658
0 1 1 0 1 1 0 0 0 0 1 0.596
0 0 0 0 1 1 0 0 0 0 0 0.892
1 0 0 0 0 1 0 0 1 0 0 1.157
1 0 0 1 0 1 0 0 1 0 0 1.142
0 1 1 1 0 1 0 0 0 0 1 0.877
0 0 1 1 1 1 0 0 0 0 1 0.924
0 0 1 0 0 1 1 0 0 0 1 0.612
1 0 0 1 1 1 0 0 0 0 0 0.706
0 1 1 0 0 1 0 0 0 0 1 0.549
1 1 1 0 0 1 0 0 1 0 1 0.814
1 1 1 1 0 1 1 0 0 0 1 0.955
0 0 0 1 0 1 1 0 0 0 0 1.422
0 1 0 0 1 1 0 0 0 0 0 1.501
1 0 0 0 0 1 0 0 0 0 0 1.111
1 1 0 1 0 1 1 0 0 0 0 1.626
1 1 0 0 0 1 1 0 0 0 0 1.392
1 0 0 1 0 1 0 0 0 0 0 0.643
1 1 1 0 0 1 1 0 0 0 1 0.69
0 0 1 1 0 1 0 0 1 0 1 1.205
1 0 0 0 0 1 1 0 0 0 0 0.69
1 1 0 0 0 1 0 0 0 0 0 0.721
1 1 0 1 0 1 0 0 0 0 0 0.752
1 0 1 0 0 1 0 0 0 0 1 0.845
0 1 0 0 0 1 0 0 1 0 0 0.923
1 1 1 1 1 1 0 0 0 0 1 1.282
0 0 1 0 0 1 0 0 1 0 1 0.94
0 0 1 0 1 1 0 0 0 0 1 1.033
1 0 0 1 0 1 0 0 1 0 0 1.86
1 0 0 1 0 1 1 0 0 0 0 1.127
1 1 1 0 0 1 0 0 1 0 1 0.768
0 0 1 0 1 1 0 0 0 0 1 1.064
0 1 0 1 0 1 0 0 1 0 0 1.361
1 1 1 1 0 1 0 0 1 0 1 0.908
1 0 0 0 0 1 1 0 0 0 0 1.048
1 0 1 1 0 1 0 0 0 0 1 0.924
0 0 1 1 0 1 0 0 1 0 1 0.815
1 0 1 0 0 1 1 0 0 0 1 0.581
1 0 0 0 0 1 0 0 0 0 0 0.845
1 0 0 1 1 1 0 0 0 0 0 1.064
0 1 0 1 1 1 0 0 0 0 0 0.924
0 0 0 0 1 1 0 0 0 0 0 0.705
0 1 0 1 0 1 0 0 0 0 0 0.861
1 1 1 0 0 1 1 0 0 0 1 0.533
0 1 1 1 1 1 0 0 0 0 1 1.157
1 1 0 1 0 1 1 0 0 0 0 1.969
0 0 1 1 1 1 0 0 0 0 1 1.173
0 0 1 1 0 1 1 0 0 0 1 0.939
1 0 0 1 0 1 0 0 0 0 0 1.049
0 1 0 0 1 1 0 0 0 0 0 1.048
0 1 1 1 0 1 1 0 0 0 1 1.438
1 1 1 0 1 1 0 0 0 0 1 0.861
0 1 0 0 0 1 0 0 1 0 0 1.095
1 0 0 0 0 1 0 0 1 0 0 1.033
1 1 0 0 0 1 0 0 0 0 0 0.97
1 1 1 0 0 1 0 0 0 0 1 0.814
1 1 1 1 0 1 0 0 0 0 1 0.798
1 0 1 0 0 1 0 0 0 0 1 0.658
0 0 1 0 0 1 0 0 1 0 1 0.845
1 1 0 0 0 1 1 0 0 0 0 0.814
1 0 1 0 0 1 0 0 0 0 1 0.845
0 0 1 1 0 1 0 0 1 0 1 1.485
0 1 0 0 0 1 0 0 1 0 0 0.674
0 1 1 1 1 1 0 0 0 0 1 0.892
1 0 1 0 0 1 1 0 0 0 1 0.783
0 1 0 1 0 1 0 0 1 0 0 0.845
1 0 0 1 0 1 0 0 1 0 0 1.126
0 0 1 0 0 1 0 0 1 0 1 0.768
0 0 1 1 0 1 0 0 0 0 1 0.955
0 1 0 1 0 1 0 0 0 0 0 0.908
0 1 0 0 1 1 0 0 0 0 0 0.939
0 1 0 1 1 1 0 0 0 0 0 0.814
1 0 0 0 0 1 0 0 0 0 0 0.658
0 0 1 0 1 1 0 0 0 0 1 0.83
0 1 1 1 0 1 0 0 1 0 1 1.048
0 0 1 1 0 1 1 0 0 0 1 1.126
1 0 0 1 0 1 0 0 0 0 0 0.908
1 0 0 0 0 1 1 0 0 0 0 0.721
1 1 1 1 0 1 1 0 0 0 1 0.846
0 0 0 0 1 1 0 0 0 0 0 0.705
0 1 0 0 0 1 1 0 0 0 0 0.752
0 1 1 0 1 1 0 0 0 0 1 0.846
1 0 0 0 0 1 0 0 1 0 0 0.814
1 1 1 0 0 1 0 0 1 0 1 0.721
1 1 1 1 0 1 0 0 0 0 1 1.376
1 0 0 1 1 1 0 0 0 0 0 0.612
1 1 0 1 0 1 1 0 0 0 0 0.674
1 1 0 0 0 1 0 0 0 0 0 0.659
0 1 1 0 0 1 1 0 0 0 1 0.815
1 0 0 1 0 1 1 0 0 0 0 2
0 1 1 0 0 1 0 0 0 0 1 0.955
0 0 1 1 1 1 0 0 0 0 1 1.017
