1 1 1 1 0 1 1 0 0 0 1 1.547
1 1 0 0 1 1 0 0 0 0 0 1.485
0 1 0 1 0 1 0 0 1 0 0 1.142
1 1 1 1 0 1 0 0 0 0 1 1.454
0 0 1 1 0 1 0 0 0 0 1 1.189
1 0 0 0 1 1 0 0 0 0 0 1.002
1 0 1 0 0 1 1 0 0 0 1 1.954
1 1 0 1 0 1 1 0 0 0 0 1.719
1 1 1 0 0 1 0 0 1 0 1 1.048
0 1 0 0 0 1 0 0 0 0 0 1.766
0 0 1 0 0 1 0 0 0 0 1 1.547
1 0 0 1 0 1 0 0 1 0 0 1.235
1 0 0 1 1 1 0 0 0 0 0 1.844
1 1 1 0 1 1 0 0 0 0 1 1.157
1 1 0 1 1 1 0 0 0 0 0 1.532
1 0 0 0 0 1 0 0 0 0 0 2.062
1 1 1 0 0 1 1 0 0 0 1 2.655
0 1 0 1 0 1 0 0 0 0 0 1.704
0 0 1 1 1 1 0 0 0 0 1 1.735
0 0 0 1 0 1 1 0 0 0 0 2.904
0 0 1 0 0 1 0 0 1 0 1 1.454
1 1 0 0 0 1 1 0 0 0 0 2.671
1 0 1 1 0 1 1 0 0 0 1 2.344
1 1 1 1 0 1 0 0 1 0 1 2.718
1 1 1 0 0 1 0 0 0 0 1 2.578
1 0 0 1 0 1 0 0 0 0 0 1.782
0 0 1 1 0 1 0 0 1 0 1 1.501
1 1 1 1 1 1 0 0 0 0 1 2
1 0 1 0 1 1 0 0 0 0 1 1.734
0 1 0 0 0 1 0 0 1 0 0 1.438
1 0 0 0 0 1 0 0 1 0 0 1.859
1 0 0 0 0 1 1 0 0 0 0 1.578
0 0 1 1 0 1 0 0 1 0 1 1.22
1 1 0 1 0 1 1 0 0 0 0 2
0 1 0 0 0 1 0 0 0 0 0 1.578
1 0 0 0 0 1 0 0 0 0 0 1.641
1 0 0 1 0 1 0 0 1 0 0 2.344
1 1 0 0 0 1 1 0 0 0 0 2.406
1 0 0 0 0 1 0 0 1 0 0 2.374
1 0 0 1 0 1 1 0 0 0 0 2.873
1 1 1 1 0 1 0 0 0 0 1 2.53
1 1 1 0 1 1 0 0 0 0 1 1.812
1 1 1 0 0 1 0 0 1 0 1 1.501
0 1 0 0 0 1 0 0 1 0 0 1.501
1 1 1 0 0 1 1 0 0 0 1 1.329
1 1 1 1 0 1 1 0 0 0 1 2.858
1 0 1 1 0 1 1 0 0 0 1 1.501
1 0 1 0 0 1 1 0 0 0 1 1.673
0 1 0 1 0 1 0 0 1 0 0 1.891
1 1 1 1 0 1 0 0 1 0 1 2.141
1 0 1 1 1 1 0 0 0 0 1 1.938
0 0 1 0 0 1 0 0 0 0 1 1.906
0 0 1 0 1 1 0 0 0 0 1 1.313
1 1 1 1 1 1 0 0 0 0 1 2.983
1 0 0 1 1 1 0 0 0 0 0 2.265
1 0 0 0 1 1 0 0 0 0 0 1.688
1 1 0 0 1 1 0 0 0 0 0 1.376
1 1 1 0 0 1 0 0 0 0 1 1.235
0 0 1 1 0 1 0 0 0 0 1 1.563
0 1 0 1 0 1 0 0 0 0 0 0.955
1 1 0 1 1 1 0 0 0 0 0 2.437
0 0 0 0 0 1 1 0 0 0 0 2.624
0 0 1 0 0 1 0 0 1 0 1 1.173
1 0 0 1 0 1 0 0 0 0 0 1.298
1 1 1 1 0 1 0 0 0 0 1 1.205
0 0 1 0 1 1 0 0 0 0 1 1.236
1 0 0 1 0 1 0 0 0 0 0 2.203
0 1 1 0 0 1 1 0 0 0 1 1.22
1 1 1 0 0 1 0 0 1 0 1 1.157
0 0 1 1 0 1 0 0 0 0 1 1.266
0 0 0 0 0 1 1 0 0 0 0 2.437
0 0 1 0 0 1 0 0 0 0 1 1.813
1 1 1 0 0 1 0 0 0 0 1 1.033
0 0 0 0 1 1 0 0 0 0 0 2.358
1 0 0 1 1 1 0 0 0 0 0 1.578
1 1 0 1 0 1 1 0 0 0 0 1.906
0 1 0 0 0 1 0 0 1 0 0 0.939
1 0 0 0 0 1 0 0 0 0 0 1.236
0 0 1 1 0 1 1 0 0 0 1 1.548
1 1 1 1 1 1 0 0 0 0 1 2.624
1 1 1 0 1 1 0 0 0 0 1 1.75
1 1 1 1 0 1 0 0 1 0 1 1.938
0 1 0 1 0 1 0 0 1 0 0 1.579
1 1 0 0 0 1 1 0 0 0 0 1.501
1 1 0 0 1 1 0 0 0 0 0 1.61
1 0 1 0 0 1 1 0 0 0 1 1.313
0 0 1 1 1 1 0 0 0 0 1 2.484
0 0 1 0 0 1 0 0 1 0 1 1.158
1 1 0 1 1 1 0 0 0 0 0 1.174
0 1 0 0 0 1 0 0 0 0 0 1.782
1 1 1 1 0 1 1 0 0 0 1 2.967
0 0 0 1 0 1 1 0 0 0 0 2.234
1 0 0 1 0 1 0 0 1 0 0 1.236
1 0 0 0 0 1 0 0 1 0 0 0.97
0 1 0 1 0 1 0 0 0 0 0 0.939
0 0 1 1 0 1 0 0 1 0 1 1.127
1 1 1 0 0 1 0 0 0 0 1 0.877
1 0 0 0 0 1 0 0 1 0 0 1.298
1 0 0 1 0 1 0 0 1 0 0 1.22
1 1 0 0 1 1 0 0 0 0 0 2.188
0 0 1 1 0 1 0 0 0 0 1 1.579
1 1 1 1 1 1 0 0 0 0 1 1.907
0 0 1 1 1 1 0 0 0 0 1 1.438
1 1 1 0 0 1 1 0 0 0 1 2.499
1 1 1 0 0 1 0 0 1 0 1 1.844
1 0 1 0 0 1 1 0 0 0 1 2.405
1 0 0 0 1 1 0 0 0 0 0 1.235
0 1 0 1 0 1 0 0 1 0 0 1.126
1 0 0 0 0 1 1 0 0 0 0 2.016
1 1 1 1 0 1 0 0 0 0 1 0.799
1 1 1 1 0 1 1 0 0 0 1 1.345
1 0 0 1 0 1 1 0 0 0 0 1.72
1 0 0 1 0 1 0 0 0 0 0 1.298
0 1 0 1 0 1 0 0 0 0 0 1.423
0 1 0 1 1 1 0 0 0 0 0 2.234
0 0 1 0 0 1 0 0 0 0 1 1.407
1 1 1 0 1 1 0 0 0 0 1 2.531
1 0 0 1 1 1 0 0 0 0 0 2.296
0 1 0 0 0 1 0 0 1 0 0 1.064
0 0 1 0 0 1 0 0 1 0 1 1.157
1 1 1 1 0 1 0 0 1 0 1 1.501
1 1 0 1 0 1 1 0 0 0 0 1.704
1 0 0 0 0 1 0 0 0 0 0 1.704
1 1 0 0 0 1 1 0 0 0 0 1.064
0 0 1 1 0 1 0 0 1 0 1 1.064
1 0 1 0 1 1 0 0 0 0 1 1.017
0 1 0 0 0 1 0 0 0 0 0 1.61
1 0 1 1 0 1 1 0 0 0 1 1.984
1 0 0 0 0 1 1 0 0 0 0 1.485
1 1 1 0 1 1 0 0 0 0 1 2
0 0 1 0 0 1 0 0 0 0 1 0.955
0 1 0 1 0 1 0 0 0 0 0 1.064
1 1 1 1 0 1 1 0 0 0 1 0.768
1 1 0 0 0 1 0 0 0 0 0 0.799
1 0 0 1 1 1 0 0 0 0 0 1.844
0 0 1 0 0 1 0 0 1 0 1 0.892
0 1 0 1 0 1 0 0 1 0 0 1.329
1 1 0 0 0 1 1 0 0 0 0 1.657
1 0 0 1 0 1 0 0 1 0 0 1.329
1 0 1 1 1 1 0 0 0 0 1 0.939
0 0 1 1 0 1 1 0 0 0 1 1.657
1 0 0 0 0 1 0 0 1 0 0 1.906
1 0 0 1 0 1 0 0 0 0 0 1.875
0 0 1 1 0 1 0 0 1 0 1 1.189
1 1 1 1 0 1 0 0 1 0 1 0.939
0 0 1 0 0 1 1 0 0 0 1 1.922
1 1 0 1 1 1 0 0 0 0 0 1.142
1 1 1 0 0 1 0 0 0 0 1 1.314
0 0 0 1 0 1 1 0 0 0 0 2.749
1 1 1 0 0 1 1 0 0 0 1 1.127
1 0 0 0 1 1 0 0 0 0 0 0.939
1 1 1 1 1 1 0 0 0 0 1 1.407
1 1 1 0 0 1 0 0 1 0 1 1.657
0 1 1 1 0 1 0 0 0 0 1 0.986
1 0 0 0 0 1 0 0 0 0 0 1.157
0 0 1 0 1 1 0 0 0 0 1 2.374
0 0 1 1 0 1 0 0 0 0 1 1.719
0 1 0 0 1 1 0 0 0 0 0 1.282
0 1 0 0 0 1 0 0 1 0 0 1.189
1 1 0 1 0 1 1 0 0 0 0 0.846
1 0 0 0 1 1 0 0 0 0 0 1.064
1 0 1 0 0 1 0 0 0 0 1 1.157
1 1 1 0 0 1 0 0 0 0 1 0.83
0 1 0 0 0 1 0 0 1 0 0 1.189
0 0 1 0 0 1 0 0 1 0 1 1.704
0 0 1 1 0 1 0 0 0 0 1 1.517
1 1 1 1 1 1 0 0 0 0 1 1.298
1 1 0 0 0 1 1 0 0 0 0 1.314
1 0 1 0 1 1 0 0 0 0 1 1.392
1 0 0 1 0 1 0 0 1 0 0 1.283
0 0 1 1 1 1 0 0 0 0 1 1.985
1 1 1 1 0 1 0 0 1 0 1 0.83
0 1 1 1 0 1 0 0 0 0 1 2.11
0 1 0 0 0 1 0 0 0 0 0 1.298
1 0 0 0 0 1 1 0 0 0 0 1.408
1 1 1 0 0 1 0 0 1 0 1 0.861
0 0 1 1 0 1 1 0 0 0 1 2.14
1 0 0 0 0 1 0 0 1 0 0 1.048
1 1 1 1 0 1 1 0 0 0 1 1.454
1 1 1 0 0 1 1 0 0 0 1 0.705
0 1 0 1 0 1 0 0 0 0 0 1.454
1 0 1 0 0 1 1 0 0 0 1 2.125
1 1 0 1 1 1 0 0 0 0 0 1.298
0 1 0 1 0 1 0 0 1 0 0 0.814
1 0 0 1 1 1 0 0 0 0 0 1.11
1 0 0 0 0 1 0 0 0 0 0 1.859
1 0 0 1 0 1 1 0 0 0 0 1.922
0 0 1 1 0 1 0 0 1 0 1 0.924
1 0 0 1 0 1 0 0 0 0 0 1.392
1 1 0 1 0 1 1 0 0 0 0 2.531
1 1 1 0 1 1 0 0 0 0 1 0.892
1 1 0 0 1 1 0 0 0 0 0 1.579
1 1 0 0 1 1 0 0 0 0 0 1.298
1 1 1 1 0 1 0 0 1 0 1 0.706
1 0 0 1 0 1 0 0 1 0 0 1.267
1 1 0 1 0 1 1 0 0 0 0 1.423
0 0 1 0 0 1 0 0 0 0 1 2.234
0 0 0 0 0 1 1 0 0 0 0 1.719
0 1 0 0 0 1 0 0 0 0 0 0.955
1 0 1 1 0 1 1 0 0 0 1 1.688
1 1 1 1 0 1 1 0 0 0 1 2.374
0 0 1 0 0 1 0 0 1 0 1 0.705
1 0 0 1 0 1 1 0 0 0 0 2.375
1 1 1 1 1 1 0 0 0 0 1 1.189
1 0 0 1 0 1 0 0 0 0 0 1.361
1 1 1 1 0 1 0 0 0 0 1 1.033
1 1 0 1 1 1 0 0 0 0 0 2.5
1 0 1 0 0 1 1 0 0 0 1 0.939
0 0 1 1 0 1 0 0 0 0 1 1.907
1 0 0 0 0 1 0 0 1 0 0 1.376
0 0 1 1 1 1 0 0 0 0 1 2.453
1 0 0 1 1 1 0 0 0 0 0 1.345
0 1 0 1 0 1 0 0 0 0 0 1.642
0 0 1 1 0 1 0 0 1 0 1 1.126
1 1 1 0 1 1 0 0 0 0 1 0.986
0 0 1 0 1 1 0 0 0 0 1 1.111
0 1 0 0 0 1 0 0 1 0 0 0.768
1 1 1 0 0 1 0 0 1 0 1 0.861
1 1 1 0 0 1 1 0 0 0 1 1.204
1 0 0 0 0 1 0 0 0 0 0 1.064
1 1 1 0 0 1 0 0 0 0 1 1.345
1 0 0 0 1 1 0 0 0 0 0 1.517
1 1 0 0 0 1 1 0 0 0 0 0.908
0 1 0 1 0 1 0 0 1 0 0 1.096
0 0 1 0 0 1 0 0 0 0 1 0.924
1 0 0 0 0 1 1 0 0 0 0 1.095
0 0 1 0 0 1 0 0 1 0 1 0.97
1 1 1 0 0 1 0 0 0 0 1 1.798
1 0 0 1 0 1 0 0 0 0 0 2.39
1 1 0 0 1 1 0 0 0 0 0 1.579
1 0 0 1 0 1 0 0 1 0 0 2.297
1 0 1 1 0 1 1 0 0 0 1 1.594
0 1 0 1 1 1 0 0 0 0 0 1.376
0 0 1 0 1 1 0 0 0 0 1 1.501
0 0 1 1 0 1 0 0 1 0 1 0.815
1 1 0 1 0 1 0 0 0 0 0 0.767
0 1 0 0 0 1 1 0 0 0 0 2.156
1 1 1 1 1 1 0 0 0 0 1 0.893
1 0 0 0 0 1 0 0 0 0 0 2.327
1 1 1 1 0 1 0 0 0 0 1 0.814
0 1 0 1 0 1 0 0 1 0 0 1.001
0 1 0 0 0 1 0 0 1 0 0 0.674
1 0 0 0 0 1 0 0 1 0 0 0.924
0 0 1 1 1 1 0 0 0 0 1 0.97
1 0 0 1 0 1 1 0 0 0 0 2.499
1 0 0 1 1 1 0 0 0 0 0 1.111
1 0 1 0 0 1 1 0 0 0 1 2.078
0 1 0 0 0 1 0 0 0 0 0 0.752
1 1 1 0 0 1 0 0 1 0 1 1.189
1 1 0 1 0 1 1 0 0 0 0 1.813
0 0 1 1 0 1 0 0 0 0 1 1.251
1 0 0 0 1 1 0 0 0 0 0 1.22
0 1 1 1 0 1 1 0 0 0 1 2.25
1 1 1 0 0 1 1 0 0 0 1 1.922
1 1 1 0 1 1 0 0 0 0 1 0.783
1 1 1 1 0 1 0 0 1 0 1 1.376
1 0 0 0 0 1 0 0 0 0 0 0.705
1 1 1 0 0 1 0 0 1 0 1 0.783
0 0 1 0 0 1 0 0 0 0 1 0.877
1 0 1 1 0 1 1 0 0 0 1 1.423
0 0 1 1 1 1 0 0 0 0 1 1.298
1 1 0 0 1 1 0 0 0 0 0 0.97
1 0 1 0 1 1 0 0 0 0 1 0.971
0 0 1 0 0 1 1 0 0 0 1 1.454
1 1 1 1 1 1 0 0 0 0 1 1.048
1 0 0 1 0 1 1 0 0 0 0 1.392
1 0 0 1 0 1 0 0 0 0 0 1.361
0 0 1 1 0 1 0 0 0 0 1 0.877
0 0 1 0 0 1 0 0 1 0 1 1.096
1 1 0 0 0 1 1 0 0 0 0 0.924
1 1 0 1 0 1 1 0 0 0 0 0.892
1 1 1 1 0 1 0 0 1 0 1 0.861
0 1 0 0 0 1 0 0 0 0 0 0.784
1 0 0 1 0 1 0 0 1 0 0 2.125
1 1 1 0 0 1 1 0 0 0 1 0.955
0 1 0 1 0 1 0 0 0 0 0 0.846
0 1 0 1 0 1 0 0 1 0 0 1.407
1 0 0 1 1 1 0 0 0 0 0 1.173
1 1 1 0 1 1 0 0 0 0 1 1.157
1 0 0 0 0 1 1 0 0 0 0 1.251
1 1 1 1 0 1 0 0 0 0 1 0.83
0 0 1 1 0 1 0 0 1 0 1 1.111
0 1 1 1 0 1 1 0 0 0 1 1.875
1 0 0 0 0 1 0 0 1 0 0 1.158
1 1 1 0 0 1 0 0 0 0 1 1.439
1 1 0 1 1 1 0 0 0 0 0 1.501
0 1 0 0 0 1 0 0 1 0 0 0.846
1 0 0 0 1 1 0 0 0 0 0 0.861
1 1 0 0 1 1 0 0 0 0 0 1.111
0 1 1 0 0 1 1 0 0 0 1 1.235
0 0 1 1 0 1 0 0 1 0 1 0.908
1 1 1 1 0 1 1 0 0 0 1 1.126
1 0 0 1 1 1 0 0 0 0 0 0.955
1 0 0 0 0 1 0 0 0 0 0 0.877
1 1 0 0 0 1 0 0 0 0 0 0.705
1 1 1 0 0 1 0 0 0 0 1 1.126
1 0 1 1 0 1 1 0 0 0 1 1.298
1 1 1 0 1 1 0 0 0 0 1 0.814
0 1 0 1 0 1 0 0 1 0 0 0.736
1 1 1 1 0 1 0 0 1 0 1 0.72
1 0 0 1 0 1 0 0 1 0 0 0.877
1 0 0 1 0 1 0 0 0 0 0 1.064
1 0 1 0 0 1 0 0 1 0 1 1.345
1 1 0 1 0 1 1 0 0 0 0 2.499
1 0 0 0 0 1 0 0 1 0 0 0.627
0 0 1 1 1 1 0 0 0 0 1 2.405
1 1 1 1 0 1 0 0 0 0 1 0.736
1 0 0 0 1 1 0 0 0 0 0 0.954
1 0 0 0 0 1 1 0 0 0 0 0.83
0 1 0 1 1 1 0 0 0 0 0 2.765
0 0 1 0 0 1 0 0 0 0 1 1.766
1 1 1 0 0 1 0 0 1 0 1 1.875
1 0 1 0 1 1 0 0 0 0 1 0.986
1 0 0 1 0 1 1 0 0 0 0 1.438
0 1 0 0 0 1 0 0 1 0 0 1.018
0 1 1 1 1 1 0 0 0 0 1 1.485
0 0 1 0 0 1 1 0 0 0 1 2.374
1 0 1 1 0 1 0 0 0 0 1 2.015
0 1 0 1 0 1 0 0 0 0 0 1.095
0 1 0 0 0 1 1 0 0 0 0 2.796
