1 0 1 0 0 1 0 0 0 0 1 1.497
1 1 1 0 1 1 0 0 0 0 1 1.018
0 0 1 0 0 1 0 0 1 0 1 2.264
1 0 0 1 1 1 0 0 0 0 0 2.911
1 0 0 0 0 1 0 0 0 0 0 1.94
0 1 0 0 0 1 0 0 1 0 0 1.119
1 1 0 0 0 1 1 0 0 0 0 1.367
1 0 0 1 0 1 0 0 1 0 0 1.583
1 1 1 0 0 1 0 0 0 0 1 0.944
0 0 1 0 1 1 0 0 0 0 1 1.463
0 0 0 0 0 1 0 0 1 0 0 2.373
0 1 0 1 0 1 0 0 1 0 0 1.799
1 1 0 0 1 1 0 0 0 0 0 1.356
1 0 0 1 0 1 0 0 0 0 0 1.121
0 1 0 0 0 1 0 0 0 0 0 0.871
1 1 1 1 0 1 0 0 1 0 1 1.048
1 1 0 1 0 1 1 0 0 0 0 1.767
1 0 0 1 0 1 1 0 0 0 0 1.466
1 1 1 1 1 1 0 0 0 0 1 2.363
1 1 1 0 0 1 1 0 0 0 1 0.957
1 1 1 0 0 1 0 0 1 0 1 2.086
0 0 1 1 0 1 1 0 0 0 1 3.13
1 1 1 1 0 1 0 0 0 0 1 0.925
0 0 1 1 0 1 0 0 1 0 1 1.108
0 1 1 1 0 1 1 0 0 0 1 2.675
0 1 0 1 0 1 0 0 0 0 0 0.956
1 0 1 1 1 1 0 0 0 0 1 0.937
1 1 0 1 1 1 0 0 0 0 0 1.846
1 0 0 0 0 1 1 0 0 0 0 1.356
0 0 1 1 0 1 0 0 0 0 1 1.022
1 0 1 0 0 1 1 0 0 0 1 1.99
1 0 0 0 1 1 0 0 0 0 0 2.167
1 1 1 1 0 1 0 0 1 0 1 0.858
0 0 0 1 1 1 0 0 0 0 0 2.348
1 0 0 0 0 1 0 0 1 0 0 1.09
1 1 1 0 0 1 0 0 1 0 1 0.838
1 0 1 0 0 1 1 0 0 0 1 2.041
1 0 0 1 0 1 1 0 0 0 0 2.311
1 1 0 0 1 1 0 0 0 0 0 1.791
1 1 1 1 0 1 1 0 0 0 1 2.265
0 0 1 1 0 1 0 0 1 0 1 0.836
1 0 1 1 0 1 1 0 0 0 1 2.989
0 1 0 0 0 1 0 0 1 0 0 0.885
0 0 1 0 0 1 0 0 1 0 1 1.063
1 1 0 1 0 1 1 0 0 0 0 2.328
0 1 0 1 0 1 0 0 0 0 0 0.911
1 1 0 0 0 1 1 0 0 0 0 1.922
0 0 1 0 0 1 0 0 0 0 1 1.083
1 0 0 0 0 1 0 0 0 0 0 1.008
0 1 1 1 1 1 0 0 0 0 1 2.628
0 1 1 0 0 1 1 0 0 0 1 2.051
0 1 0 1 0 1 0 0 1 0 0 1.721
1 1 1 0 1 1 0 0 0 0 1 1.912
0 0 1 1 0 1 0 0 0 0 1 1.773
0 0 1 0 1 1 0 0 0 0 1 1.221
1 0 0 1 0 1 0 0 0 0 0 0.856
1 0 0 1 0 1 0 0 1 0 0 1.069
0 0 0 0 0 1 1 0 0 0 0 1.167
0 1 0 0 0 1 0 0 0 0 0 1.364
1 1 1 1 0 1 0 0 0 0 1 0.826
0 0 1 1 1 1 0 0 0 0 1 3.052
1 1 0 1 1 1 0 0 0 0 0 2.279
1 0 0 0 1 1 0 0 0 0 0 0.973
1 1 1 0 0 1 0 0 0 0 1 0.926
0 1 0 0 0 1 0 0 0 0 0 0.674
0 1 0 1 0 1 0 0 1 0 0 1.213
1 1 1 0 0 1 0 0 0 0 1 0.8
0 0 1 1 0 1 0 0 0 0 1 0.868
1 0 0 0 0 1 1 0 0 0 0 1.098
0 1 0 1 0 1 0 0 0 0 0 0.669
1 1 1 0 0 1 1 0 0 0 1 2.57
0 0 0 1 1 1 0 0 0 0 0 2.783
1 0 1 1 0 1 1 0 0 0 1 2.549
0 0 1 0 0 1 0 0 1 0 1 1.122
1 0 1 0 0 1 0 0 0 0 1 0.773
1 1 1 1 0 1 0 0 0 0 1 0.832
1 0 1 1 1 1 0 0 0 0 1 1.866
1 1 1 1 0 1 1 0 0 0 1 1.479
1 1 0 1 1 1 0 0 0 0 0 2.212
0 0 1 0 0 1 1 0 0 0 1 1.546
1 0 0 1 0 1 1 0 0 0 0 1.619
1 1 1 1 1 1 0 0 0 0 1 0.876
0 1 0 0 1 1 0 0 0 0 0 2.062
0 1 0 0 0 1 1 0 0 0 0 1.799
0 1 0 0 0 1 0 0 1 0 0 1.21
1 1 1 0 1 1 0 0 0 0 1 1.006
0 0 1 1 0 1 0 0 1 0 1 1.302
0 1 0 1 0 1 1 0 0 0 0 1.724
0 0 0 0 1 1 0 0 0 0 0 3.137
1 0 0 0 0 1 0 0 1 0 0 0.856
1 0 0 1 0 1 0 0 1 0 0 2.616
1 0 0 0 0 1 0 0 0 0 0 0.95
1 1 1 0 0 1 0 0 1 0 1 1.137
1 1 1 1 0 1 0 0 1 0 1 0.778
1 0 1 0 1 1 0 0 0 0 1 1.388
1 0 0 1 0 1 0 0 0 0 0 0.944
1 1 1 1 0 1 0 0 0 0 1 1.336
1 0 0 0 1 1 0 0 0 0 0 2.851
1 1 1 1 0 1 1 0 0 0 1 1.711
1 0 0 0 0 1 1 0 0 0 0 1.108
1 1 0 0 1 1 0 0 0 0 0 1.761
1 0 1 0 1 1 0 0 0 0 1 1.712
0 1 0 0 0 1 0 0 1 0 0 0.743
1 1 1 0 0 1 0 0 1 0 1 0.749
1 1 1 0 0 1 1 0 0 0 1 0.83
1 1 1 1 0 1 0 0 1 0 1 0.81
1 1 0 1 1 1 0 0 0 0 0 1.756
1 1 1 0 0 1 0 0 0 0 1 1.048
0 0 0 1 0 1 1 0 0 0 0 1.263
1 0 1 1 1 1 0 0 0 0 1 1.755
1 1 0 1 0 1 0 0 1 0 0 0.647
0 0 1 0 0 1 0 0 0 0 1 0.731
1 0 0 0 0 1 0 0 1 0 0 0.817
1 0 0 1 0 1 0 0 0 0 0 0.725
0 0 1 1 0 1 0 0 0 0 1 2.492
1 0 0 1 0 1 0 0 1 0 0 1.108
1 0 1 0 0 1 1 0 0 0 1 1.43
0 1 0 1 0 1 0 0 0 0 0 1.534
1 0 0 0 0 1 0 0 0 0 0 0.983
0 0 0 1 1 1 0 0 0 0 0 3.078
1 1 0 0 0 1 1 0 0 0 0 0.888
1 1 1 0 1 1 0 0 0 0 1 1.265
0 0 1 1 0 1 0 0 1 0 1 0.954
1 1 0 1 0 1 1 0 0 0 0 0.893
1 0 1 1 0 1 1 0 0 0 1 1.897
0 1 0 0 0 1 0 0 0 0 0 0.697
0 0 1 0 0 1 0 0 1 0 1 0.759
1 1 1 1 1 1 0 0 0 0 1 2.272
0 0 1 1 0 1 0 0 1 0 1 1.131
1 0 0 1 0 1 0 0 0 0 0 1.236
1 1 0 0 1 1 0 0 0 0 0 1.334
1 0 0 0 0 1 1 0 0 0 0 2.142
1 0 1 0 0 1 1 0 0 0 1 0.908
1 1 0 1 1 1 0 0 0 0 0 2.818
0 1 0 0 0 1 0 0 1 0 0 0.603
0 0 1 0 0 1 0 0 0 0 1 0.818
1 0 0 1 0 1 0 0 1 0 0 0.9
0 0 1 1 0 1 0 0 0 0 1 1.424
1 1 0 0 0 1 1 0 0 0 0 0.93
1 1 1 0 0 1 1 0 0 0 1 0.889
1 1 0 1 0 1 1 0 0 0 0 1.753
1 0 1 1 1 1 0 0 0 0 1 1.189
1 0 0 0 0 1 0 0 1 0 0 0.715
0 0 1 0 0 1 0 0 1 0 1 0.874
1 1 1 1 0 1 0 0 0 0 1 0.882
0 1 1 0 1 1 0 0 0 0 1 1.657
1 0 1 0 1 1 0 0 0 0 1 1.191
1 1 1 0 0 1 0 0 1 0 1 1.569
0 0 0 0 1 1 0 0 0 0 0 2.936
1 0 0 0 0 1 0 0 0 0 0 0.83
1 0 0 1 1 1 0 0 0 0 0 1.657
0 1 0 0 0 1 0 0 0 0 0 0.746
1 1 1 0 0 1 0 0 0 0 1 0.829
0 1 0 1 0 1 0 0 0 0 0 1.018
1 1 1 1 0 1 1 0 0 0 1 0.864
1 1 1 1 1 1 0 0 0 0 1 0.994
1 0 0 1 0 1 1 0 0 0 0 0.841
0 1 0 1 0 1 0 0 1 0 0 1.104
1 0 1 1 0 1 1 0 0 0 1 1.254
1 1 1 1 0 1 0 0 1 0 1 0.797
0 1 0 1 0 1 0 0 1 0 0 2.633
1 1 1 0 0 1 1 0 0 0 1 1.952
1 1 1 1 1 1 0 0 0 0 1 1.429
1 0 0 1 0 1 0 0 1 0 0 0.892
0 0 1 1 0 1 0 0 0 0 1 1.12
1 0 0 1 0 1 0 0 0 0 0 0.791
0 1 0 1 0 1 0 0 0 0 0 0.829
1 0 1 1 0 1 1 0 0 0 1 2.373
1 1 1 0 0 1 0 0 0 0 1 0.792
0 0 1 0 0 1 0 0 0 0 1 0.967
0 0 1 1 0 1 0 0 1 0 1 0.89
1 1 1 0 1 1 0 0 0 0 1 1.04
0 1 1 1 0 1 1 0 0 0 1 2.32
1 1 1 0 0 1 0 0 1 0 1 2.204
0 0 1 0 0 1 0 0 1 0 1 0.937
1 0 0 0 0 1 0 0 0 0 0 0.792
1 0 1 0 0 1 1 0 0 0 1 1.22
0 1 0 1 1 1 0 0 0 0 0 2.819
1 1 1 1 0 1 0 0 0 0 1 1.589
1 1 0 1 0 1 1 0 0 0 0 2.647
0 1 0 0 0 1 0 0 0 0 0 0.727
0 1 0 0 0 1 0 0 1 0 0 0.753
1 0 0 0 0 1 1 0 0 0 0 1.447
1 0 0 1 0 1 1 0 0 0 0 1.964
1 0 1 0 1 1 0 0 0 0 1 1.051
1 0 0 0 0 1 0 0 1 0 0 2.97
1 1 1 1 0 1 0 0 1 0 1 1.24
1 1 0 0 1 1 0 0 0 0 0 1.594
1 0 0 1 1 1 0 0 0 0 0 1.467
1 0 0 0 1 1 0 0 0 0 0 0.901
1 0 1 1 1 1 0 0 0 0 1 1.578
1 1 0 0 0 1 1 0 0 0 0 2.51
1 0 0 1 0 1 0 0 0 0 0 0.673
1 1 0 1 0 1 0 0 0 0 0 0.705
1 1 0 1 0 1 1 0 0 0 0 1.181
1 0 0 0 0 1 0 0 1 0 0 1.217
0 1 0 1 0 1 0 0 1 0 0 3.037
0 0 1 1 0 1 0 0 1 0 1 0.909
1 0 0 1 0 1 0 0 1 0 0 0.975
1 0 0 1 0 1 1 0 0 0 0 1.308
1 0 1 1 0 1 1 0 0 0 1 1.74
0 1 0 0 0 1 0 0 1 0 0 1.018
1 1 1 1 0 1 0 0 1 0 1 1.301
1 0 0 0 0 1 1 0 0 0 0 0.722
1 1 1 0 0 1 1 0 0 0 1 1.532
1 1 0 0 0 1 1 0 0 0 0 0.671
1 0 0 0 1 1 0 0 0 0 0 2.262
1 0 1 1 1 1 0 0 0 0 1 1.071
1 0 1 0 1 1 0 0 0 0 1 0.958
0 0 1 0 0 1 0 0 1 0 1 0.747
1 0 1 0 0 1 1 0 0 0 1 0.873
1 1 1 0 0 1 0 0 1 0 1 0.77
0 0 1 1 0 1 0 0 0 0 1 1.113
1 0 0 1 1 1 0 0 0 0 0 1.878
1 0 0 0 0 1 0 0 0 0 0 1.916
1 1 1 0 1 1 0 0 0 0 1 1.128
1 1 1 1 0 1 0 0 0 0 1 0.895
0 1 0 0 0 1 0 0 0 0 0 1.104
1 1 0 1 1 1 0 0 0 0 0 1.269
0 0 1 0 0 1 0 0 0 0 1 1.373
1 1 1 1 1 1 0 0 0 0 1 1.041
1 1 1 0 0 1 0 0 0 0 1 0.878
1 1 1 1 0 1 1 0 0 0 1 2.643
1 1 0 0 1 1 0 0 0 0 0 1.614
1 1 0 0 1 1 0 0 0 0 0 2.34
0 1 0 0 0 1 1 0 0 0 0 0.859
0 1 0 0 0 1 0 0 1 0 0 2.276
1 1 1 0 0 1 0 0 0 0 1 0.929
0 1 1 1 1 1 0 0 0 0 1 2.512
1 1 1 1 0 1 1 0 0 0 1 0.786
1 1 0 1 0 1 1 0 0 0 0 0.81
0 0 1 0 0 1 0 0 1 0 1 0.928
1 0 0 1 1 1 0 0 0 0 0 2.926
1 0 1 0 1 1 0 0 0 0 1 0.85
0 1 0 0 0 1 0 0 0 0 0 0.909
1 0 0 1 0 1 1 0 0 0 0 1.047
0 1 0 1 1 1 0 0 0 0 0 1.304
0 1 0 1 0 1 0 0 1 0 0 1.094
1 1 1 0 1 1 0 0 0 0 1 1.828
1 1 1 0 0 1 1 0 0 0 1 0.995
1 1 1 1 0 1 0 0 1 0 1 0.733
0 0 1 1 0 1 0 0 1 0 1 0.694
1 1 1 1 0 1 0 0 0 0 1 0.629
0 0 1 1 0 1 0 0 0 0 1 0.8
1 0 0 0 0 1 0 0 1 0 0 0.664
1 0 0 1 0 1 0 0 0 0 0 0.667
1 1 1 0 0 1 0 0 1 0 1 0.682
1 0 0 1 0 1 0 0 1 0 0 0.634
1 0 1 1 1 1 0 0 0 0 1 1.537
0 1 0 1 0 1 0 0 0 0 0 2.001
1 0 0 0 1 1 0 0 0 0 0 1.156
1 0 1 1 0 1 1 0 0 0 1 0.671
1 0 0 0 0 1 0 0 0 0 0 0.858
0 0 1 0 0 1 0 0 0 0 1 1.351
1 0 1 0 0 1 1 0 0 0 1 0.648
1 0 0 0 0 1 1 0 0 0 0 0.65
0 1 1 1 0 1 0 0 0 0 1 1.479
1 1 1 0 0 1 1 0 0 0 1 0.767
1 1 0 1 1 1 0 0 0 0 0 1.587
1 0 0 0 0 1 0 0 1 0 0 0.7
1 0 1 0 0 1 1 0 0 0 1 1.041
1 1 1 0 1 1 0 0 0 0 1 0.976
1 0 0 0 0 1 0 0 0 0 0 0.744
1 1 1 0 0 1 0 0 0 0 1 0.687
0 0 1 1 0 1 0 0 0 0 1 0.648
0 0 1 1 0 1 0 0 1 0 1 0.705
1 1 1 1 0 1 0 0 1 0 1 0.882
1 0 0 1 1 1 0 0 0 0 0 1.785
1 0 0 1 0 1 0 0 0 0 0 0.98
0 0 0 0 0 1 1 0 0 0 0 1.053
0 0 1 0 0 1 0 0 1 0 1 1.278
0 0 0 0 1 1 0 0 0 0 0 2.618
0 1 0 1 0 1 0 0 0 0 0 0.911
1 0 1 0 1 1 0 0 0 0 1 1.922
1 0 1 1 0 1 1 0 0 0 1 0.727
0 1 0 0 0 1 0 0 1 0 0 0.686
1 0 1 1 1 1 0 0 0 0 1 1.331
1 1 1 1 0 1 1 0 0 0 1 1.719
1 1 1 1 1 1 0 0 0 0 1 2.4
1 1 0 1 0 1 1 0 0 0 0 0.774
1 0 0 1 0 1 1 0 0 0 0 1.054
1 1 1 0 0 1 0 0 1 0 1 0.696
1 0 0 1 0 1 0 0 1 0 0 0.891
1 1 0 1 0 1 0 0 1 0 0 0.735
0 0 1 0 0 1 0 0 0 0 1 0.759
1 1 0 0 1 1 0 0 0 0 0 1.938
1 1 0 0 0 1 1 0 0 0 0 0.73
0 1 0 0 0 1 0 0 0 0 0 0.918
1 1 1 1 1 1 0 0 0 0 1 1.118
1 1 1 0 0 1 0 0 0 0 1 0.988
1 0 0 0 0 1 0 0 0 0 0 1.055
1 0 0 1 0 1 0 0 1 0 0 2.102
1 1 1 0 0 1 0 0 1 0 1 0.896
1 0 1 1 0 1 1 0 0 0 1 0.834
0 0 1 1 0 1 0 0 0 0 1 0.666
1 0 0 0 1 1 0 0 0 0 0 1.924
1 0 0 1 1 1 0 0 0 0 0 2.041
0 0 1 0 0 1 0 0 0 0 1 0.994
1 0 1 0 1 1 0 0 0 0 1 0.969
0 1 0 0 0 1 0 0 0 0 0 0.795
1 1 0 1 0 1 1 0 0 0 0 1.176
1 1 0 0 1 1 0 0 0 0 0 2.418
1 1 1 1 0 1 0 0 0 0 1 1.629
1 0 0 0 0 1 1 0 0 0 0 0.666
1 0 1 0 0 1 1 0 0 0 1 0.644
0 0 1 1 0 1 0 0 1 0 1 1.371
0 1 0 0 0 1 0 0 1 0 0 0.776
0 1 0 1 0 1 0 0 0 0 0 0.739
1 1 1 1 0 1 1 0 0 0 1 0.952
1 1 1 0 1 1 0 0 0 0 1 1.122
0 1 0 1 0 1 0 0 1 0 0 0.808
1 1 0 1 1 1 0 0 0 0 0 1.643
1 0 1 1 1 1 0 0 0 0 1 2.149
1 0 0 1 0 1 0 0 0 0 0 2.484
1 0 0 0 0 1 0 0 1 0 0 1.124
0 0 1 0 0 1 0 0 1 0 1 0.904
1 0 0 1 0 1 1 0 0 0 0 1.203
1 1 1 1 0 1 0 0 1 0 1 1.055
1 1 1 0 0 1 1 0 0 0 1 0.894
0 1 0 0 0 1 1 0 0 0 0 2.287
