1 0 0 0 0 1 0 0 1 0 0 2.281
0 0 1 1 0 1 0 0 0 0 1 1.189
0 1 0 0 0 1 0 0 0 0 0 1.86
0 1 0 0 0 1 0 0 1 0 0 2.92
1 0 1 0 0 1 1 0 0 0 1 2.062
0 1 0 1 0 1 0 0 1 0 0 2.452
0 0 1 1 0 1 0 0 1 0 1 1.704
0 1 0 1 0 1 1 0 0 0 0 2.468
0 0 1 1 1 1 0 0 0 0 1 1.782
0 1 0 0 1 1 0 0 0 0 0 1.953
0 0 1 0 0 1 0 0 1 0 1 2.032
1 0 0 1 0 1 1 0 0 0 0 2.936
1 0 0 0 0 1 0 0 0 0 0 1.517
1 0 0 1 1 1 0 0 0 0 0 2.484
1 1 1 0 0 1 0 0 1 0 1 1.969
0 1 0 1 0 1 0 0 0 0 0 1.486
1 0 0 1 0 1 0 0 0 0 0 1.781
1 0 1 0 0 1 0 0 0 0 1 2.717
0 0 1 0 1 1 0 0 0 0 1 2.515
1 0 0 0 0 1 1 0 0 0 0 2.421
1 1 1 1 0 1 0 0 1 0 1 1.751
1 1 1 0 0 1 1 0 0 0 1 2.297
1 1 0 0 0 1 1 0 0 0 0 2.546
1 1 1 0 1 1 0 0 0 0 1 1.688
1 1 1 1 1 1 0 0 0 0 1 2.296
1 0 0 1 0 1 0 0 1 0 0 1.844
1 0 0 0 1 1 0 0 0 0 0 2.078
1 1 1 1 0 1 1 0 0 0 1 2.453
1 1 0 1 1 1 0 0 0 0 0 2.983
1 1 1 1 0 1 0 0 0 0 1 1.469
0 1 1 0 0 1 0 0 0 0 1 2.172
1 0 1 1 0 1 1 0 0 0 1 2.843
1 0 0 1 1 1 0 0 0 0 0 2.999
0 0 1 1 0 1 0 0 0 0 1 2
1 1 1 1 0 1 0 0 0 0 1 1.579
1 0 0 0 0 1 0 0 1 0 0 1.875
1 1 0 0 0 1 1 0 0 0 0 2.858
0 1 0 1 0 1 0 0 1 0 0 1.594
0 0 1 1 0 1 1 0 0 0 1 2.203
0 1 1 0 1 1 0 0 0 0 1 2.687
0 0 1 0 0 1 0 0 1 0 1 1.298
1 1 1 0 0 1 1 0 0 0 1 2.499
0 0 0 0 1 1 0 0 0 0 0 1.703
0 0 1 1 0 1 0 0 1 0 1 1.485
1 0 0 1 0 1 0 0 1 0 0 1.313
0 1 0 0 1 1 0 0 0 0 0 1.267
0 0 1 0 0 1 0 0 0 0 1 1.189
1 0 0 1 0 1 1 0 0 0 0 1.283
1 0 0 0 0 1 1 0 0 0 0 1.267
1 1 0 1 1 1 0 0 0 0 0 2.453
1 1 1 0 0 1 0 0 1 0 1 1.142
1 1 1 1 0 1 1 0 0 0 1 2.266
0 1 0 1 0 1 0 0 0 0 0 1.407
0 0 1 0 1 1 0 0 0 0 1 1.205
0 1 1 1 1 1 0 0 0 0 1 1.829
1 1 0 1 0 1 1 0 0 0 0 2.078
1 0 1 0 0 1 1 0 0 0 1 1.376
1 0 0 1 0 1 0 0 0 0 0 1.672
0 0 1 1 1 1 0 0 0 0 1 1.142
1 0 0 0 0 1 0 0 0 0 0 1.142
1 1 1 1 0 1 0 0 1 0 1 0.924
1 1 1 0 0 1 0 0 0 0 1 0.877
0 1 0 0 0 1 0 0 1 0 0 1.439
0 1 0 0 0 1 0 0 0 0 0 1.469
1 0 0 0 0 1 0 0 0 0 0 1.267
0 1 0 1 0 1 0 0 0 0 0 1.47
0 1 1 1 0 1 1 0 0 0 1 1.36
0 0 1 1 1 1 0 0 0 0 1 1.501
1 1 0 0 0 1 1 0 0 0 0 1.204
1 1 1 0 0 1 0 0 0 0 1 1.033
1 1 1 1 0 1 0 0 1 0 1 1.345
1 1 1 1 1 1 0 0 0 0 1 1.798
1 0 0 0 0 1 1 0 0 0 0 2.546
0 0 0 0 1 1 0 0 0 0 0 1.516
0 1 0 1 0 1 0 0 1 0 0 1.454
0 0 1 1 0 1 0 0 1 0 1 1.501
0 0 1 0 0 1 0 0 1 0 1 1.22
0 0 1 1 0 1 0 0 0 0 1 1.111
0 1 0 0 1 1 0 0 0 0 0 2.265
1 0 0 1 0 1 0 0 0 0 0 2
1 1 1 0 1 1 0 0 0 0 1 1.407
1 1 1 1 0 1 0 0 0 0 1 1.079
0 1 0 0 0 1 0 0 1 0 0 1.033
1 0 0 1 0 1 0 0 1 0 0 0.986
1 1 0 1 0 1 1 0 0 0 0 2.14
1 1 1 0 0 1 0 0 1 0 1 0.799
0 1 0 1 1 1 0 0 0 0 0 1.969
1 0 1 1 0 1 1 0 0 0 1 1.564
1 0 0 1 0 1 1 0 0 0 0 1.891
1 0 0 1 1 1 0 0 0 0 0 2.468
1 1 1 0 0 1 1 0 0 0 1 1.282
0 0 1 0 1 1 0 0 0 0 1 1.018
0 1 0 0 0 1 0 0 0 0 0 2.484
1 0 1 0 0 1 1 0 0 0 1 2.265
0 0 1 0 0 1 0 0 0 0 1 2.296
1 0 0 0 0 1 0 0 1 0 0 1.938
0 0 1 0 0 1 0 0 0 0 1 2.156
0 0 1 1 1 1 0 0 0 0 1 2.093
0 1 1 1 0 1 0 0 0 0 1 2.421
1 1 1 1 0 1 0 0 1 0 1 1.111
1 0 0 1 0 1 1 0 0 0 0 1.36
0 1 0 0 0 1 0 0 1 0 0 1.454
0 0 1 0 0 1 0 0 1 0 1 1.189
0 1 0 1 1 1 0 0 0 0 0 2.843
1 1 1 0 0 1 1 0 0 0 1 0.877
1 0 0 0 0 1 0 0 1 0 0 2.328
0 0 1 0 0 1 1 0 0 0 1 2.25
0 0 1 1 0 1 0 0 1 0 1 1.36
1 1 1 0 0 1 0 0 1 0 1 1.111
1 0 1 0 1 1 0 0 0 0 1 2.374
1 1 1 0 1 1 0 0 0 0 1 2.577
1 0 0 0 0 1 1 0 0 0 0 1.656
0 1 0 0 1 1 0 0 0 0 0 2.218
1 1 1 1 0 1 1 0 0 0 1 2.468
0 0 0 0 1 1 0 0 0 0 0 2.608
1 0 0 0 0 1 0 0 0 0 0 1.61
0 1 0 0 0 1 0 0 0 0 0 1.236
0 0 0 1 1 1 0 0 0 0 0 2.125
0 1 0 1 0 1 0 0 1 0 0 1.158
1 0 1 1 0 1 1 0 0 0 1 1.954
1 0 0 1 0 1 0 0 0 0 0 2.203
0 0 1 1 0 1 0 0 0 0 1 1.657
0 1 0 1 0 1 1 0 0 0 0 1.969
1 1 1 0 0 1 0 0 0 0 1 1.095
0 1 0 1 0 1 0 0 0 0 0 1.096
1 0 0 1 0 1 0 0 1 0 0 1.423
1 1 0 0 0 1 1 0 0 0 0 1.423
1 1 1 1 1 1 0 0 0 0 1 2.702
1 1 1 1 0 1 1 0 0 0 1 1.61
1 1 1 0 0 1 0 0 1 0 1 0.924
1 1 1 1 1 1 0 0 0 0 1 1.127
1 1 1 1 0 1 0 0 0 0 1 0.955
1 0 0 1 0 1 0 0 1 0 0 0.939
0 1 0 0 0 1 0 0 0 0 0 2.405
0 0 0 0 0 1 1 0 0 0 0 2.359
0 1 0 0 0 1 0 0 1 0 0 1.157
1 0 0 0 1 1 0 0 0 0 0 0.955
0 1 0 1 0 1 1 0 0 0 0 2.109
1 0 1 0 0 1 1 0 0 0 1 2.109
1 1 1 0 0 1 1 0 0 0 1 0.986
0 0 0 1 0 1 1 0 0 0 0 2.437
0 0 1 1 1 1 0 0 0 0 1 0.955
1 0 0 0 0 1 0 0 1 0 0 1.688
1 0 0 1 0 1 0 0 0 0 0 1.314
1 0 0 0 0 1 0 0 0 0 0 0.924
0 1 0 1 0 1 0 0 1 0 0 1.392
1 1 1 1 0 1 0 0 1 0 1 1.501
0 0 1 1 0 1 0 0 1 0 1 0.924
0 0 1 0 0 1 0 0 0 0 1 1.454
0 1 0 1 0 1 0 0 0 0 0 1.578
0 0 1 1 0 1 1 0 0 0 1 2.687
0 1 0 0 1 1 0 0 0 0 0 1.626
0 0 1 0 0 1 0 0 1 0 1 1.236
0 0 1 1 0 1 0 0 0 0 1 1.08
0 1 0 1 1 1 0 0 0 0 0 1.439
1 0 0 1 1 1 0 0 0 0 0 1.657
1 1 1 0 0 1 0 0 0 0 1 0.737
0 0 1 0 1 1 0 0 0 0 1 1.236
0 1 0 0 0 1 1 0 0 0 0 1.626
0 1 1 0 1 1 0 0 0 0 1 1.719
1 1 1 0 0 1 0 0 1 0 1 1.469
1 0 0 1 0 1 0 0 0 0 0 1.625
0 0 1 0 0 1 0 0 1 0 1 1.36
0 1 0 1 0 1 0 0 0 0 0 1.517
0 0 1 0 0 1 0 0 0 0 1 1.579
1 1 1 1 0 1 0 0 1 0 1 1.251
1 0 1 1 0 1 1 0 0 0 1 1.626
0 1 0 1 1 1 0 0 0 0 0 1.548
1 0 0 0 0 1 1 0 0 0 0 0.971
0 0 1 1 1 1 0 0 0 0 1 1.547
1 0 0 0 0 1 0 0 1 0 0 0.799
1 0 0 0 0 1 0 0 0 0 0 0.83
1 1 1 1 1 1 0 0 0 0 1 1.142
0 0 1 0 1 1 0 0 0 0 1 1.766
1 0 1 0 0 1 1 0 0 0 1 2.827
0 0 0 1 1 1 0 0 0 0 0 1.985
1 1 0 0 0 1 1 0 0 0 0 0.908
0 1 1 0 1 1 0 0 0 0 1 2.468
0 1 0 0 0 1 0 0 1 0 0 1.002
0 0 1 1 0 1 0 0 1 0 1 1.126
0 0 0 0 1 1 0 0 0 0 0 1.204
1 1 1 0 0 1 1 0 0 0 1 1.547
0 1 0 0 1 1 0 0 0 0 0 1.875
1 1 1 0 0 1 0 0 0 0 1 0.83
0 0 1 1 0 1 0 0 0 0 1 2.094
0 1 0 1 0 1 1 0 0 0 0 1.829
0 0 0 1 0 1 1 0 0 0 0 1.75
0 1 0 1 0 1 0 0 1 0 0 2.499
1 0 0 1 0 1 0 0 1 0 0 2.187
0 1 0 0 0 1 0 0 0 0 0 1.22
1 1 1 1 0 1 1 0 0 0 1 1.095
1 1 1 1 0 1 0 0 0 0 1 0.83
1 0 0 0 0 1 1 0 0 0 0 1.142
0 1 1 1 0 1 1 0 0 0 1 1.844
1 0 0 1 0 1 0 0 1 0 0 1.36
1 0 0 0 0 1 0 0 0 0 0 0.814
1 1 1 0 0 1 0 0 0 0 1 1.376
0 0 1 1 0 1 1 0 0 0 1 2.53
1 1 1 1 0 1 0 0 1 0 1 1.048
0 1 0 1 0 1 0 0 0 0 0 1.095
1 1 1 0 1 1 0 0 0 0 1 0.971
1 1 1 0 0 1 0 0 1 0 1 0.814
1 0 1 1 1 1 0 0 0 0 1 1.407
1 1 1 1 1 1 0 0 0 0 1 1.61
0 1 0 1 1 1 0 0 0 0 0 1.75
1 1 0 0 0 1 1 0 0 0 0 1.501
0 0 1 0 0 1 0 0 0 0 1 1.766
1 1 1 1 0 1 0 0 0 0 1 0.955
0 1 0 0 1 1 0 0 0 0 0 1.516
0 1 0 1 0 1 0 0 1 0 0 1.469
0 0 1 0 1 1 0 0 0 0 1 1.173
1 0 0 0 0 1 0 0 1 0 0 0.83
1 1 1 0 0 1 1 0 0 0 1 0.814
0 1 0 0 0 1 0 0 1 0 0 1.251
0 1 0 1 0 1 1 0 0 0 0 1.564
1 0 0 1 1 1 0 0 0 0 0 1.86
1 0 0 1 0 1 0 0 0 0 0 1.033
0 0 1 0 0 1 0 0 1 0 1 0.768
1 0 1 0 0 1 1 0 0 0 1 1.751
1 0 0 1 0 1 1 0 0 0 0 1.984
1 0 0 0 1 1 0 0 0 0 0 1.766
0 0 1 1 0 1 0 0 0 0 1 0.971
0 1 0 0 0 1 0 0 0 0 0 0.861
0 0 1 1 0 1 0 0 1 0 1 0.97
0 1 0 0 0 1 0 0 1 0 0 0.768
1 0 0 0 0 1 1 0 0 0 0 0.736
1 1 1 0 0 1 0 0 1 0 1 0.814
0 0 1 0 1 1 0 0 0 0 1 0.908
1 1 1 1 1 1 0 0 0 0 1 1.017
0 1 0 1 0 1 0 0 1 0 0 1.797
0 0 1 0 0 1 0 0 1 0 1 0.705
1 1 1 1 0 1 1 0 0 0 1 1.423
1 0 0 1 0 1 0 0 0 0 0 1.828
0 0 0 1 0 1 1 0 0 0 0 2.281
1 1 1 1 0 1 0 0 1 0 1 0.83
0 1 0 1 0 1 1 0 0 0 0 1.205
0 0 1 1 0 1 1 0 0 0 1 1.126
1 0 1 1 0 1 0 0 0 0 1 2.296
1 0 0 0 0 1 0 0 1 0 0 1.408
1 0 0 1 0 1 0 0 1 0 0 1.485
1 0 1 1 1 1 0 0 0 0 1 1.969
1 1 1 1 0 1 0 0 0 0 1 1.064
1 0 0 0 1 1 0 0 0 0 0 1.174
0 0 1 1 0 1 0 0 1 0 1 1.594
1 0 0 1 1 1 0 0 0 0 0 2.468
0 1 0 0 1 1 0 0 0 0 0 1.298
1 1 1 0 1 1 0 0 0 0 1 1.36
0 1 0 1 0 1 0 0 0 0 0 1.267
1 0 1 0 0 1 1 0 0 0 1 1.22
0 1 0 0 0 1 1 0 0 0 0 1.423
1 1 1 0 0 1 0 0 0 0 1 1.828
1 1 1 0 0 1 1 0 0 0 1 1.438
1 0 0 0 0 1 0 0 0 0 0 1.095
0 0 1 0 0 1 0 0 0 0 1 0.939
0 1 0 0 0 1 0 0 0 0 0 1.517
0 1 0 1 1 1 0 0 0 0 0 1.985
1 1 1 0 0 1 1 0 0 0 1 1.282
0 0 1 1 0 1 0 0 0 0 1 1.048
0 1 1 0 1 1 0 0 0 0 1 1.656
1 1 1 1 0 1 0 0 1 0 1 2.422
0 1 0 0 0 1 0 0 1 0 0 1.236
0 1 0 0 0 1 1 0 0 0 0 1.22
1 1 1 1 0 1 0 0 0 0 1 0.83
0 0 0 1 1 1 0 0 0 0 0 2.187
0 1 0 1 0 1 0 0 0 0 0 1.75
0 1 0 0 1 1 0 0 0 0 0 1.641
0 0 1 1 1 1 0 0 0 0 1 1.564
0 0 0 0 1 1 0 0 0 0 0 1.875
1 0 1 1 0 1 1 0 0 0 1 2.905
0 0 1 0 1 1 0 0 0 0 1 2.109
1 1 1 0 0 1 0 0 1 0 1 0.736
1 0 0 0 0 1 0 0 0 0 0 0.737
1 1 0 1 1 1 0 0 0 0 0 1.86
1 1 1 1 1 1 0 0 0 0 1 0.971
1 0 0 1 0 1 0 0 1 0 0 2.53
0 0 1 0 0 1 0 0 1 0 1 0.893
0 0 1 0 0 1 1 0 0 0 1 1.938
1 1 1 0 0 1 0 0 0 0 1 0.846
1 0 0 1 0 1 0 0 0 0 0 1.158
1 1 1 1 0 1 1 0 0 0 1 1.501
1 0 0 1 0 1 1 0 0 0 0 1.704
1 0 0 0 0 1 0 0 1 0 0 0.846
0 1 0 1 0 1 1 0 0 0 0 1.423
0 1 0 1 0 1 0 0 1 0 0 1.423
1 0 0 0 0 1 1 0 0 0 0 1.174
0 0 1 1 0 1 0 0 1 0 1 1.204
0 1 0 0 0 1 0 0 0 0 0 1.969
0 0 1 0 0 1 0 0 0 0 1 0.736
0 0 1 0 0 1 0 0 0 0 1 0.893
1 1 0 0 0 1 1 0 0 0 0 1.267
0 0 0 0 0 1 0 0 1 0 0 1.86
0 0 0 0 1 1 0 0 0 0 0 2.39
0 0 0 1 1 1 0 0 0 0 0 2.765
0 1 0 0 0 1 0 0 1 0 0 0.986
1 1 1 0 1 1 0 0 0 0 1 0.97
0 1 0 1 0 1 0 0 0 0 0 1.111
1 0 0 1 0 1 0 0 0 0 0 1.844
1 0 1 1 0 1 1 0 0 0 1 1.08
0 1 0 0 0 1 0 0 0 0 0 0.955
1 1 1 1 1 1 0 0 0 0 1 1.454
1 0 0 0 0 1 0 0 0 0 0 0.892
0 0 1 0 0 1 1 0 0 0 1 2.343
1 1 0 1 1 1 0 0 0 0 0 2.078
0 0 1 0 0 1 0 0 1 0 1 0.939
1 1 1 1 0 1 1 0 0 0 1 1.407
1 1 1 0 0 1 1 0 0 0 1 1.252
0 1 0 0 1 1 0 0 0 0 0 2.109
1 1 1 1 0 1 0 0 0 0 1 2.592
1 1 1 1 0 1 0 0 1 0 1 1.345
0 1 0 1 0 1 0 0 1 0 0 0.924
1 0 0 1 0 1 1 0 0 0 0 2.343
1 1 1 0 0 1 0 0 0 0 1 1.095
1 0 0 0 0 1 1 0 0 0 0 0.971
0 0 1 1 1 1 0 0 0 0 1 0.986
0 0 1 0 1 1 0 0 0 0 1 1.018
0 0 1 1 0 1 0 0 0 0 1 1.002
1 0 0 1 0 1 0 0 1 0 0 1.548
0 0 1 1 0 1 0 0 1 0 1 0.892
1 1 0 1 0 1 1 0 0 0 0 1.532
1 1 1 0 0 1 0 0 1 0 1 0.877
