0 0 0 1 0 1 1 0 0 0 0 2.327
0 1 1 1 0 1 0 0 1 0 1 1.766
1 0 1 0 0 1 0 0 1 0 1 1.438
0 0 1 1 1 1 0 0 0 0 1 1.532
0 0 1 1 0 1 1 0 0 0 1 1.282
1 1 1 1 1 1 0 0 0 0 1 1.235
0 0 1 1 0 1 0 0 0 0 1 1.017
1 1 0 0 0 1 1 0 0 0 0 1.766
0 0 0 0 1 1 0 0 0 0 0 1.859
0 0 0 1 1 1 0 0 0 0 0 1.656
1 1 0 1 0 1 0 0 0 0 0 1.298
1 1 0 0 0 1 0 0 1 0 0 1.797
0 1 0 1 1 1 0 0 0 0 0 1.906
1 1 1 1 0 1 0 0 0 0 1 2.39
0 1 1 0 0 1 0 0 1 0 1 2.904
0 1 0 1 0 1 0 0 1 0 0 3.061
1 1 1 0 1 1 0 0 0 0 1 2.515
1 0 1 1 0 1 0 0 1 0 1 2.219
0 0 1 0 0 1 1 0 0 0 1 2.718
0 1 0 1 0 1 1 0 0 0 0 1.626
0 1 1 0 0 1 1 0 0 0 1 2.905
0 0 0 0 0 1 0 0 0 0 0 2.406
0 1 0 0 1 1 0 0 0 0 0 2
0 1 0 0 0 1 0 0 0 0 0 2.296
0 0 0 1 0 1 0 0 1 0 0 1.812
0 0 0 0 0 1 0 0 1 0 0 1.813
0 1 1 1 0 1 1 0 0 0 1 2.343
1 0 1 0 0 1 0 0 0 0 1 2.031
1 0 1 0 1 1 0 0 0 0 1 2.624
0 0 0 0 0 1 1 0 0 0 0 2.28
1 1 1 0 0 1 0 0 0 0 1 2.437
0 0 0 1 0 1 0 0 0 0 0 2.078
0 1 0 1 0 1 1 0 0 0 0 3.046
1 0 1 0 0 1 0 0 0 0 1 1.454
0 0 1 0 1 1 0 0 0 0 1 2.094
1 0 0 1 0 1 0 0 0 0 0 2.78
1 1 0 0 0 1 1 0 0 0 0 1.875
1 0 0 0 0 1 0 0 0 0 0 2.639
0 1 0 1 0 1 0 0 1 0 0 1.688
0 0 1 0 0 1 1 0 0 0 1 2.359
0 0 0 0 1 1 0 0 0 0 0 1.86
0 1 0 0 0 1 0 0 1 0 0 1.408
1 0 1 0 0 1 0 0 1 0 1 1.782
1 1 1 1 0 1 0 0 0 0 1 2.265
0 1 1 1 1 1 0 0 0 0 1 2.999
1 1 1 0 0 1 0 0 0 0 1 2.515
1 1 0 1 0 1 0 0 0 0 0 2.562
0 0 0 1 1 1 0 0 0 0 0 3.046
0 0 0 1 0 1 1 0 0 0 0 2.874
1 1 0 1 1 1 0 0 0 0 0 1.626
0 1 0 0 0 1 0 0 0 0 0 2.998
0 1 1 0 0 1 1 0 0 0 1 2.296
1 1 0 0 1 1 0 0 0 0 0 3.123
1 1 1 1 0 1 1 0 0 0 1 2.453
1 1 1 0 1 1 0 0 0 0 1 2.062
1 0 0 0 0 1 1 0 0 0 0 2.39
1 0 0 0 0 1 0 0 1 0 0 2.203
1 0 1 1 0 1 0 0 0 0 1 2.249
0 0 1 1 1 1 0 0 0 0 1 1.594
1 1 1 1 0 1 0 0 1 0 1 0.892
0 0 0 1 0 1 0 0 1 0 0 1.86
0 1 1 0 0 1 0 0 1 0 1 1.376
0 0 1 1 0 1 0 0 1 0 1 0.923
0 0 1 1 0 1 1 0 0 0 1 1.376
0 1 0 0 1 1 0 0 0 0 0 1.984
0 0 0 1 0 1 1 0 0 0 0 1.469
1 0 0 1 1 1 0 0 0 0 0 1.282
0 1 0 0 0 1 0 0 0 0 0 1.547
0 0 0 0 0 1 0 0 0 0 0 1.953
1 1 1 1 1 1 0 0 0 0 1 2.187
1 0 1 1 1 1 0 0 0 0 1 1.735
1 0 0 0 1 1 0 0 0 0 0 1.704
0 0 0 0 0 1 0 0 1 0 0 2
1 1 0 1 0 1 0 0 0 0 0 1.392
0 0 1 0 0 1 0 0 1 0 1 1.642
1 1 1 1 0 1 1 0 0 0 1 1.953
1 1 0 1 0 1 1 0 0 0 0 1.688
0 1 1 0 0 1 0 0 0 0 1 3.045
1 1 0 1 1 1 0 0 0 0 0 2.156
1 0 1 0 0 1 0 0 0 0 1 2.889
1 0 0 1 0 1 0 0 1 0 0 1.813
0 0 1 1 0 1 1 0 0 0 1 2.188
1 0 1 0 1 1 0 0 0 0 1 3.107
0 1 1 1 0 1 0 0 0 0 1 1.625
1 0 1 0 0 1 1 0 0 0 1 2.702
0 1 0 0 0 1 0 0 1 0 0 2.359
1 1 1 1 0 1 0 0 1 0 1 2.078
0 1 1 0 1 1 0 0 0 0 1 1.985
0 0 1 1 0 1 0 0 0 0 1 1.501
0 0 1 1 0 1 0 0 1 0 1 0.923
1 0 0 1 0 1 0 0 0 0 0 2.109
1 1 1 0 0 1 0 0 1 0 1 1.673
0 1 0 0 0 1 1 0 0 0 0 2.515
1 0 0 0 0 1 1 0 0 0 0 2
1 1 1 0 0 1 1 0 0 0 1 1.548
0 1 0 1 0 1 0 0 1 0 0 0.861
1 0 1 1 1 1 0 0 0 0 1 1.344
1 1 1 1 0 1 0 0 1 0 1 0.767
0 1 0 0 0 1 0 0 0 0 0 2.078
1 0 1 0 0 1 1 0 0 0 1 1.454
1 0 0 1 1 1 0 0 0 0 0 1.251
0 1 1 1 0 1 0 0 0 0 1 2.483
0 1 1 1 0 1 1 0 0 0 1 2.062
0 0 0 1 0 1 0 0 0 0 0 2.53
1 1 1 0 0 1 0 0 0 0 1 2.562
1 1 1 0 0 1 1 0 0 0 1 2.609
0 0 1 0 0 1 0 0 1 0 1 1.283
1 1 1 0 0 1 0 0 1 0 1 0.939
0 0 0 0 0 1 0 0 0 0 0 1.376
1 0 0 1 0 1 0 0 1 0 0 0.768
0 1 0 1 0 1 1 0 0 0 0 2.203
0 1 0 0 0 1 0 0 1 0 0 1.018
1 0 0 0 1 1 0 0 0 0 0 1.75
0 0 1 0 0 1 0 0 0 0 1 1.703
0 1 0 0 0 1 1 0 0 0 0 2.967
1 0 1 1 0 1 1 0 0 0 1 2.078
0 1 0 1 0 1 0 0 1 0 0 0.955
0 0 0 1 0 1 1 0 0 0 0 2.64
1 0 0 0 0 1 0 0 1 0 0 0.799
0 1 0 1 0 1 0 0 0 0 0 2.172
1 0 1 1 0 1 0 0 0 0 1 2.406
0 1 1 1 1 1 0 0 0 0 1 1.969
0 1 0 0 1 1 0 0 0 0 0 2.624
0 1 0 1 1 1 0 0 0 0 0 2.546
1 1 1 0 1 1 0 0 0 0 1 2.515
0 0 1 1 0 1 0 0 1 0 1 1.127
0 0 1 0 1 1 0 0 0 0 1 2.421
1 0 0 0 0 1 1 0 0 0 0 2.202
0 1 1 1 0 1 0 0 0 0 1 1.953
0 1 0 1 0 1 0 0 1 0 0 0.643
0 0 1 0 1 1 0 0 0 0 1 1.188
0 1 1 0 0 1 1 0 0 0 1 1.485
0 0 1 0 0 1 0 0 0 0 1 2.281
0 1 0 0 0 1 0 0 0 0 0 2.078
0 0 0 1 0 1 1 0 0 0 0 0.799
0 1 0 1 1 1 0 0 0 0 0 1.47
1 0 1 1 1 1 0 0 0 0 1 1.938
1 0 0 0 0 1 0 0 1 0 0 0.815
1 1 1 0 0 1 0 0 1 0 1 0.955
0 0 0 0 0 1 0 0 0 0 0 1.595
1 0 0 1 0 1 0 0 1 0 0 1.189
0 1 0 1 0 1 1 0 0 0 0 2.343
1 1 1 1 0 1 0 0 1 0 1 1.22
0 0 1 1 0 1 0 0 1 0 1 0.768
0 1 1 1 1 1 0 0 0 0 1 2.031
1 0 1 1 0 1 0 0 0 0 1 1.594
0 1 1 0 0 1 0 0 0 0 1 2.032
1 1 0 0 0 1 1 0 0 0 0 1.922
1 0 0 1 0 1 0 0 0 0 0 0.908
0 0 1 1 0 1 1 0 0 0 1 1.033
1 0 0 0 1 1 0 0 0 0 0 2.359
0 0 0 0 0 1 1 0 0 0 0 2.874
0 0 1 0 0 1 0 0 1 0 1 1.579
0 0 0 1 1 1 0 0 0 0 0 2.484
1 1 0 0 1 1 0 0 0 0 0 1.969
1 1 1 0 1 1 0 0 0 0 1 2.592
0 1 1 1 0 1 1 0 0 0 1 1.111
0 0 1 0 0 1 1 0 0 0 1 2.655
0 1 0 0 0 1 0 0 1 0 0 1.501
0 1 0 1 0 1 0 0 0 0 0 1.454
1 0 1 1 0 1 1 0 0 0 1 2.796
0 0 0 0 0 1 1 0 0 0 0 2.327
1 0 0 0 1 1 0 0 0 0 0 2.296
0 0 1 0 1 1 0 0 0 0 1 2.141
0 1 0 1 1 1 0 0 0 0 0 1.579
0 0 1 0 0 1 0 0 1 0 1 3.108
0 0 0 1 1 1 0 0 0 0 0 3.061
1 1 0 0 1 1 0 0 0 0 0 2.687
0 1 0 0 0 1 0 0 1 0 0 1.11
1 1 0 1 0 1 1 0 0 0 0 2.218
0 1 1 0 0 1 1 0 0 0 1 2.421
1 1 1 0 0 1 0 0 0 0 1 2.905
1 1 1 1 0 1 0 0 0 0 1 1.907
0 1 0 0 0 1 0 0 0 0 0 3.139
0 1 0 1 0 1 0 0 1 0 0 1.002
1 0 0 0 0 1 0 0 1 0 0 0.893
0 0 1 1 0 1 0 0 1 0 1 1.423
1 0 1 1 0 1 0 0 0 0 1 2.141
1 1 1 1 0 1 0 0 1 0 1 0.705
0 1 1 1 0 1 1 0 0 0 1 2.171
1 0 1 1 1 1 0 0 0 0 1 1.797
0 0 1 0 0 1 0 0 0 0 1 2.89
1 0 0 1 0 1 0 0 0 0 0 1.782
1 1 1 0 0 1 0 0 1 0 1 0.939
0 1 1 0 1 1 0 0 0 0 1 2.733
1 0 0 1 0 1 0 0 1 0 0 0.643
0 1 0 0 0 1 1 0 0 0 0 2.702
1 1 1 1 1 1 0 0 0 0 1 1.797
1 0 1 0 0 1 1 0 0 0 1 2.889
1 0 0 0 0 1 0 0 0 0 0 2.593
0 1 0 1 0 1 0 0 0 0 0 1.126
0 0 0 1 0 1 1 0 0 0 0 2.437
1 1 0 1 0 1 1 0 0 0 0 2.655
1 1 1 1 0 1 0 0 1 0 1 0.861
0 1 0 1 1 1 0 0 0 0 0 1.485
0 1 0 0 0 1 0 0 1 0 0 1.08
1 0 0 1 0 1 1 0 0 0 0 1.064
0 0 1 0 0 1 1 0 0 0 1 1.641
0 1 1 1 1 1 0 0 0 0 1 2.39
0 1 0 1 0 1 0 0 0 0 0 2.078
0 1 0 1 0 1 0 0 1 0 0 1.095
0 0 1 1 1 1 0 0 0 0 1 1.126
0 0 1 0 0 1 0 0 1 0 1 0.971
0 1 1 0 0 1 0 0 0 0 1 2.874
0 1 1 1 0 1 1 0 0 0 1 1.22
0 0 1 0 0 1 0 0 0 0 1 1.236
0 1 0 0 1 1 0 0 0 0 0 2.437
0 0 1 0 1 1 0 0 0 0 1 2.468
1 1 1 0 0 1 1 0 0 0 1 2.592
0 1 1 0 1 1 0 0 0 0 1 1.75
1 1 1 0 0 1 0 0 1 0 1 2.89
1 0 0 0 0 1 1 0 0 0 0 2.421
0 1 0 0 0 1 1 0 0 0 0 2.592
1 0 1 1 0 1 1 0 0 0 1 1.438
1 0 0 0 0 1 0 0 0 0 0 1.486
1 0 0 1 0 1 0 0 0 0 0 1.626
0 0 1 1 0 1 0 0 1 0 1 0.83
1 0 0 0 0 1 0 0 1 0 0 0.736
0 0 1 1 0 1 0 0 0 0 1 1.032
0 1 1 1 0 1 0 0 0 0 1 1.657
1 0 0 1 1 1 0 0 0 0 0 2.515
1 0 0 1 0 1 0 0 1 0 0 0.861
0 0 0 0 1 1 0 0 0 0 0 1.906
1 1 0 0 0 1 0 0 0 0 0 1.688
1 0 0 1 0 1 1 0 0 0 0 1.61
1 0 1 0 0 1 0 0 0 0 1 1.891
0 1 0 0 0 1 0 0 1 0 0 0.736
0 1 0 1 1 1 0 0 0 0 0 1.002
1 0 0 0 0 1 0 0 1 0 0 0.659
0 0 1 0 0 1 0 0 1 0 1 0.643
1 0 0 0 0 1 1 0 0 0 0 2.437
0 0 0 1 1 1 0 0 0 0 0 2.499
0 0 1 0 1 1 0 0 0 0 1 1.844
0 1 1 1 1 1 0 0 0 0 1 2.951
0 1 1 1 0 1 0 0 0 0 1 0.799
0 1 0 1 0 1 0 0 1 0 0 0.846
0 1 1 1 0 1 1 0 0 0 1 1.33
1 1 1 0 0 1 1 0 0 0 1 2.109
0 0 0 1 0 1 0 0 0 0 0 1.828
1 0 0 1 0 1 0 0 1 0 0 1.657
0 1 1 0 1 1 0 0 0 0 1 2.421
0 0 0 0 0 1 0 0 0 0 0 2.312
0 0 1 1 0 1 1 0 0 0 1 1.188
1 0 1 1 0 1 0 0 0 0 1 1.36
0 1 0 0 1 1 0 0 0 0 0 2.436
0 0 0 0 1 1 0 0 0 0 0 2.468
1 1 1 1 0 1 0 0 1 0 1 0.955
0 0 1 1 0 1 0 0 1 0 1 1.002
0 1 0 1 0 1 1 0 0 0 0 0.893
1 1 1 0 0 1 0 0 1 0 1 0.674
0 1 0 1 0 1 0 0 0 0 0 1.578
0 0 1 0 0 1 1 0 0 0 1 2.016
0 1 0 0 0 1 1 0 0 0 0 1.891
1 1 0 0 0 1 0 0 0 0 0 2.655
0 1 1 0 0 1 0 0 0 0 1 2.889
0 0 1 1 1 1 0 0 0 0 1 1.906
0 1 0 1 1 1 0 0 0 0 0 1.75
0 0 1 1 1 1 0 0 0 0 1 2.687
0 1 0 1 0 1 0 0 1 0 0 0.971
1 1 1 0 0 1 0 0 0 0 1 2.406
0 0 1 0 0 1 1 0 0 0 1 2.733
0 1 0 0 0 1 0 0 1 0 0 0.612
1 0 0 1 0 1 0 0 0 0 0 1.501
1 1 1 0 0 1 0 0 1 0 1 0.815
0 0 1 0 0 1 0 0 0 0 1 1.485
0 0 1 0 1 1 0 0 0 0 1 2.78
0 1 1 1 1 1 0 0 0 0 1 1.751
0 1 1 0 0 1 1 0 0 0 1 2.998
1 0 1 1 0 1 1 0 0 0 1 1.75
1 1 1 1 0 1 1 0 0 0 1 2.702
0 0 1 1 0 1 0 0 0 0 1 1.064
1 0 0 1 1 1 0 0 0 0 0 0.83
1 0 0 0 0 1 1 0 0 0 0 2.92
0 0 1 0 0 1 0 0 1 0 1 0.658
1 1 0 0 0 1 0 0 0 0 0 2.967
1 0 0 0 1 1 0 0 0 0 0 2.125
1 0 0 0 0 1 0 0 1 0 0 0.815
1 0 0 1 0 1 1 0 0 0 0 1.548
1 1 1 1 0 1 0 0 1 0 1 0.877
1 1 1 1 0 1 0 0 0 0 1 2.25
0 1 1 0 1 1 0 0 0 0 1 2.562
0 0 0 0 0 1 0 0 0 0 0 2.188
0 1 0 0 0 1 1 0 0 0 0 2.889
0 1 0 1 0 1 0 0 0 0 0 1.079
0 0 1 1 0 1 0 0 1 0 1 0.861
1 1 0 0 1 1 0 0 0 0 0 2.546
1 0 0 1 0 1 0 0 1 0 0 0.767
0 1 0 1 0 1 1 0 0 0 0 2.655
1 1 0 0 1 1 0 0 0 0 0 2.359
1 0 1 0 0 1 0 0 0 0 1 2.578
0 1 1 1 0 1 1 0 0 0 1 1.236
1 1 1 0 0 1 0 0 0 0 1 1.891
1 1 0 0 0 1 0 0 0 0 0 1.969
1 1 1 1 0 1 0 0 1 0 1 0.846
0 0 1 0 0 1 0 0 1 0 1 0.862
1 0 0 0 1 1 0 0 0 0 0 2.53
0 0 1 1 0 1 1 0 0 0 1 2.764
1 1 1 1 0 1 0 0 0 0 1 1.36
0 1 0 0 0 1 0 0 1 0 0 0.893
1 0 1 0 1 1 0 0 0 0 1 2.063
0 0 1 1 1 1 0 0 0 0 1 1.189
0 1 0 1 0 1 0 0 0 0 0 1.329
0 0 1 1 0 1 0 0 0 0 1 1.376
1 0 0 1 0 1 0 0 1 0 0 0.97
0 1 0 1 1 1 0 0 0 0 0 1.22
0 1 1 0 0 1 1 0 0 0 1 2.125
0 0 0 0 0 1 0 0 1 0 0 2.562
0 1 0 1 0 1 0 0 1 0 0 0.721
1 1 1 0 0 1 0 0 1 0 1 0.783
0 0 0 1 1 1 0 0 0 0 0 2.015
0 1 1 0 1 1 0 0 0 0 1 0.877
0 0 0 1 0 1 1 0 0 0 0 1.064
0 0 0 0 0 1 1 0 0 0 0 1.985
0 1 0 0 0 1 1 0 0 0 0 1.985
1 1 0 1 0 1 1 0 0 0 0 1.283
0 0 1 1 0 1 0 0 1 0 1 0.986
1 0 0 0 0 1 0 0 0 0 0 1.298
0 0 1 0 0 1 1 0 0 0 1 2.187
0 0 0 1 0 1 0 0 0 0 0 0.752
1 1 1 1 1 1 0 0 0 0 1 0.83
