1 1 0 0 0 1 0 0 1 0 0 53.471
0 0 0 0 0 1 0 0 0 0 0 0.97
0 1 0 1 0 1 0 0 0 0 0 1.35
1 0 0 0 0 1 0 0 1 0 0 1.486
0 0 0 1 1 1 0 0 0 0 0 1.429
0 0 1 1 0 1 0 0 0 0 1 2.166
0 1 1 0 0 1 1 0 0 0 1 1.495
1 1 1 1 0 1 0 0 1 0 1 2.72
1 1 0 1 1 1 0 0 0 0 0 3.199
1 0 1 0 0 1 1 0 0 0 1 1.701
0 0 1 0 0 1 0 0 1 0 1 0.73
0 0 1 0 0 1 0 0 0 0 1 0.989
0 0 1 0 1 1 0 0 0 0 1 0.862
0 0 1 1 0 1 1 0 0 0 1 3.533
1 0 0 1 0 1 1 0 0 0 0 6.828
1 1 1 1 1 1 0 0 0 0 1 2.026
1 0 0 0 0 1 1 0 0 0 0 6.148
1 1 1 1 0 1 0 0 0 0 1 1.15
1 0 0 1 0 1 0 0 0 0 0 1.772
1 1 1 0 0 1 0 0 1 0 1 0.918
1 0 0 0 1 1 0 0 0 0 0 1.027
1 0 0 1 0 1 0 0 1 0 0 1.722
1 1 0 0 0 1 1 0 0 0 0 1.835
1 1 0 0 1 1 0 0 0 0 0 1.333
0 1 0 0 0 1 0 0 0 0 0 1.109
1 1 1 0 0 1 0 0 0 0 1 1.092
0 0 1 1 1 1 0 0 0 0 1 1.012
1 1 0 1 0 1 0 0 1 0 0 2.265
1 1 1 0 1 1 0 0 0 0 1 0.876
0 1 1 1 0 1 1 0 0 0 1 4.362
0 0 1 1 0 1 0 0 1 0 1 2.078
0 1 0 1 0 1 1 0 0 0 0 5.14
0 1 0 1 1 1 0 0 0 0 0 2.244
0 0 1 0 1 1 0 0 0 0 1 1.023
1 1 1 1 0 1 0 0 1 0 1 1.911
0 1 0 0 0 1 0 0 1 0 0 1.313
1 1 1 0 0 1 0 0 0 0 1 0.9
0 0 1 1 0 1 0 0 1 0 1 1.625
0 0 1 0 0 1 0 0 0 0 1 0.888
1 0 0 1 1 1 0 0 0 0 0 3.315
1 0 0 1 0 1 0 0 1 0 0 1.442
0 0 1 1 1 1 0 0 0 0 1 1.694
0 1 0 0 1 1 0 0 0 0 0 2.177
1 0 0 0 0 1 0 0 1 0 0 1.043
0 1 0 1 0 1 0 0 1 0 0 3.136
0 1 1 0 0 1 1 0 0 0 1 1.182
0 0 1 1 0 1 0 0 0 0 1 1.252
1 0 0 1 0 1 0 0 0 0 0 2.29
0 1 1 1 1 1 0 0 0 0 1 1.719
1 0 0 0 0 1 0 0 0 0 0 1.108
0 1 0 0 0 1 0 0 0 0 0 1.305
1 1 1 0 1 1 0 0 0 0 1 2.237
1 0 1 1 0 1 1 0 0 0 1 3.256
0 1 0 1 0 1 1 0 0 0 0 4.437
0 0 1 0 0 1 0 0 1 0 1 0.795
1 1 0 0 0 1 1 0 0 0 0 1.312
1 0 0 0 1 1 0 0 0 0 0 1.861
0 0 0 0 0 1 1 0 0 0 0 2.657
0 0 1 0 0 1 1 0 0 0 1 2.509
1 1 1 0 0 1 0 0 1 0 1 0.842
1 0 0 1 0 1 1 0 0 0 0 5.299
0 1 0 1 0 1 0 0 0 0 0 1.463
1 1 1 1 0 1 0 0 0 0 1 1.958
0 1 1 1 0 1 1 0 0 0 1 2.644
0 1 0 0 1 1 0 0 0 0 0 1.932
1 0 0 1 0 1 0 0 1 0 0 1.907
0 0 0 0 0 1 1 0 0 0 0 2.084
0 1 0 1 0 1 0 0 1 0 0 1.735
0 0 1 1 1 1 0 0 0 0 1 1.201
0 0 1 0 0 1 1 0 0 0 1 1.451
1 0 0 1 0 1 1 0 0 0 0 2.35
1 1 0 0 0 1 1 0 0 0 0 1.496
0 0 1 0 0 1 0 0 1 0 1 0.792
1 1 1 0 0 1 0 0 1 0 1 0.944
1 0 0 1 1 1 0 0 0 0 0 3.531
1 0 1 0 1 1 0 0 0 0 1 4.777
0 0 1 0 0 1 0 0 0 0 1 1.455
1 0 0 0 0 1 0 0 1 0 0 0.985
0 0 0 0 1 1 0 0 0 0 0 2.276
0 0 1 1 0 1 0 0 1 0 1 1.474
1 1 1 0 0 1 0 0 0 0 1 0.782
1 0 0 0 0 1 0 0 0 0 0 6.818
0 1 0 1 1 1 0 0 0 0 0 2.084
0 1 0 0 0 1 0 0 1 0 0 2.853
0 1 0 1 0 1 1 0 0 0 0 6.984
0 1 0 1 0 1 0 0 0 0 0 6.476
1 1 1 1 1 1 0 0 0 0 1 8.736
0 0 1 1 0 1 1 0 0 0 1 6.97
0 1 1 1 0 1 1 0 0 0 1 4.476
0 1 1 0 0 1 1 0 0 0 1 0.837
1 1 1 1 0 1 0 0 0 0 1 0.839
1 0 0 1 0 1 0 0 0 0 0 0.926
1 1 1 1 0 1 0 0 1 0 1 0.913
0 1 0 0 0 1 0 0 0 0 0 0.902
1 1 1 0 1 1 0 0 0 0 1 2.011
0 0 1 1 0 1 0 0 0 0 1 0.932
0 1 0 1 1 1 0 0 0 0 0 3.552
1 0 0 0 0 1 0 0 0 0 0 0.984
1 0 0 0 1 1 0 0 0 0 0 1.01
1 1 1 1 1 1 0 0 0 0 1 2.143
1 0 0 1 0 1 0 0 1 0 0 0.947
1 1 1 0 0 1 0 0 1 0 1 0.869
1 1 1 1 0 1 0 0 1 0 1 2.068
0 0 1 0 1 1 0 0 0 0 1 2.013
0 1 0 1 0 1 0 0 0 0 0 1.632
0 0 1 1 0 1 1 0 0 0 1 1.176
1 1 1 0 0 1 1 0 0 0 1 2.191
0 1 1 1 0 1 1 0 0 0 1 2.839
0 1 0 0 1 1 0 0 0 0 0 0.892
1 1 1 1 0 1 0 0 0 0 1 1.833
0 1 0 0 0 1 1 0 0 0 0 0.918
0 0 1 0 0 1 0 0 1 0 1 0.796
0 1 0 0 0 1 0 0 0 0 0 0.602
1 1 1 0 0 1 0 0 0 0 1 1.394
0 0 0 1 1 1 0 0 0 0 0 1.957
0 1 0 1 0 1 0 0 1 0 0 0.805
0 0 0 0 0 1 1 0 0 0 0 1.193
0 1 0 1 0 1 1 0 0 0 0 2.383
0 0 1 1 0 1 0 0 1 0 1 1.14
1 1 1 0 1 1 0 0 0 0 1 1.104
0 0 1 0 0 1 1 0 0 0 1 0.962
0 1 0 0 0 1 0 0 1 0 0 1.873
0 0 1 1 1 1 0 0 0 0 1 1.122
0 0 1 1 0 1 0 0 0 0 1 0.823
1 0 0 0 0 1 0 0 1 0 0 0.648
1 0 0 1 0 1 1 0 0 0 0 3.359
1 0 0 1 0 1 0 0 0 0 0 1.317
0 0 1 0 0 1 0 0 0 0 1 0.723
0 1 1 1 0 1 1 0 0 0 1 3.008
1 1 1 0 0 1 1 0 0 0 1 1.045
1 0 0 0 0 1 0 0 1 0 0 1.273
1 0 1 0 0 1 1 0 0 0 1 1.341
0 1 0 0 0 1 0 0 1 0 0 1.754
0 0 1 1 1 1 0 0 0 0 1 1.388
1 1 1 0 0 1 0 0 1 0 1 0.948
0 1 1 1 1 1 0 0 0 0 1 1.405
1 1 0 1 1 1 0 0 0 0 0 2.707
1 1 1 1 0 1 0 0 0 0 1 1.205
0 0 1 1 0 1 0 0 1 0 1 0.938
0 1 0 0 0 1 1 0 0 0 0 0.932
1 0 0 1 1 1 0 0 0 0 0 1.979
0 0 1 1 0 1 0 0 0 0 1 1.119
0 0 1 1 0 1 1 0 0 0 1 1.521
0 0 1 0 0 1 0 0 0 0 1 0.892
1 1 1 0 1 1 0 0 0 0 1 1.144
0 1 0 1 0 1 0 0 1 0 0 3.075
1 0 0 0 0 1 0 0 0 0 0 0.899
0 0 1 0 1 1 0 0 0 0 1 1.215
1 0 0 1 0 1 0 0 0 0 0 1.095
1 1 1 0 0 1 0 0 0 0 1 0.938
0 1 0 0 0 1 0 0 0 0 0 0.788
1 1 1 1 0 1 0 0 1 0 1 1.165
0 1 0 1 0 1 1 0 0 0 0 2.616
1 0 0 0 1 1 0 0 0 0 0 1.287
0 1 0 1 0 1 0 0 0 0 0 1.497
0 0 1 0 0 1 0 0 1 0 1 0.807
0 1 0 0 1 1 0 0 0 0 0 1.092
1 0 0 1 0 1 1 0 0 0 0 1.763
0 0 0 0 0 1 1 0 0 0 0 1.114
1 0 0 1 0 1 0 0 1 0 0 1.701
0 0 1 1 1 1 0 0 0 0 1 0.933
1 1 1 1 0 1 0 0 0 0 1 0.931
0 0 1 1 0 1 0 0 1 0 1 1.868
1 1 0 0 1 1 0 0 0 0 0 1.577
1 1 1 0 0 1 1 0 0 0 1 1.002
1 1 1 0 1 1 0 0 0 0 1 1.358
0 1 0 0 0 1 0 0 1 0 0 0.977
1 1 0 1 1 1 0 0 0 0 0 1.678
1 1 0 0 0 1 1 0 0 0 0 3.528
0 0 0 0 0 1 1 0 0 0 0 2.066
1 1 1 1 1 1 0 0 0 0 1 1.186
0 0 1 0 0 1 1 0 0 0 1 1.735
0 1 0 1 0 1 1 0 0 0 0 3.462
1 0 0 1 0 1 0 0 0 0 0 1.95
0 0 1 1 0 1 0 0 0 0 1 1.291
1 0 1 1 0 1 1 0 0 0 1 6.376
0 1 1 1 0 1 0 0 1 0 1 1.429
0 0 1 0 0 1 0 0 1 0 1 2.643
0 0 1 0 0 1 0 0 0 0 1 0.993
1 1 1 0 0 1 0 0 0 0 1 0.968
0 1 0 1 0 1 0 0 1 0 0 0.907
1 0 0 1 0 1 0 0 1 0 0 1.312
1 0 0 0 1 1 0 0 0 0 0 1.572
1 0 0 0 0 1 0 0 0 0 0 0.942
0 0 1 0 1 1 0 0 0 0 1 1.117
1 1 1 0 0 1 0 0 1 0 1 1.124
1 0 0 0 0 1 0 0 1 0 0 0.965
0 1 1 1 0 1 1 0 0 0 1 3.318
0 1 0 0 0 1 0 0 0 0 0 1.97
0 0 0 1 1 1 0 0 0 0 0 2.196
1 0 0 1 0 1 1 0 0 0 0 2.886
1 1 0 1 0 1 0 0 0 0 0 5.607
0 1 0 1 0 1 0 0 1 0 0 1.709
1 1 1 1 0 1 1 0 0 0 1 2.84
0 1 0 0 0 1 0 0 0 0 0 0.99
0 1 1 1 1 1 0 0 0 0 1 1.328
1 1 1 1 0 1 0 0 1 0 1 0.782
0 1 0 0 0 1 1 0 0 0 0 1.26
1 1 1 1 0 1 0 0 0 0 1 0.922
1 1 1 0 0 1 0 0 1 0 1 0.972
0 0 1 0 0 1 0 0 1 0 1 0.94
1 0 1 0 1 1 0 0 0 0 1 2.173
0 1 0 1 0 1 1 0 0 0 0 2.898
1 0 0 0 0 1 1 0 0 0 0 1.075
0 1 0 1 1 1 0 0 0 0 0 2.909
1 0 1 0 0 1 1 0 0 0 1 0.932
0 0 1 1 0 1 0 0 0 0 1 3.121
0 0 1 1 0 1 0 0 1 0 1 1.319
1 0 0 1 1 1 0 0 0 0 0 0.912
0 0 0 0 1 1 0 0 0 0 0 3.012
0 0 1 1 0 1 1 0 0 0 1 3.846
1 0 0 0 0 1 0 0 0 0 0 1.024
1 0 0 0 0 1 0 0 1 0 0 2.241
0 1 0 0 0 1 0 0 1 0 0 0.747
0 0 1 0 0 1 0 0 0 0 1 1.201
0 1 0 1 0 1 0 0 0 0 0 1.573
1 0 0 1 0 1 0 0 1 0 0 1.06
1 0 0 1 0 1 0 0 0 0 0 0.917
0 1 0 0 1 1 0 0 0 0 0 0.867
0 0 1 1 1 1 0 0 0 0 1 1.072
0 1 1 0 0 1 1 0 0 0 1 1.156
1 1 1 0 1 1 0 0 0 0 1 1.044
1 0 0 1 0 1 1 0 0 0 0 1.061
1 1 1 0 0 1 0 0 0 0 1 0.963
1 1 1 1 0 1 0 0 1 0 1 0.758
1 1 1 0 0 1 0 0 0 0 1 0.697
1 0 0 1 0 1 0 0 0 0 0 1.284
1 1 1 0 1 1 0 0 0 0 1 1.099
0 0 0 1 1 1 0 0 0 0 0 1.625
1 1 1 1 0 1 0 0 0 0 1 1.999
0 0 1 0 0 1 0 0 0 0 1 0.654
0 0 1 1 0 1 1 0 0 0 1 1.811
0 1 1 1 0 1 1 0 0 0 1 3.256
0 0 1 1 1 1 0 0 0 0 1 2.015
0 0 1 1 0 1 0 0 1 0 1 1.966
1 1 0 0 0 1 1 0 0 0 0 1.332
1 0 0 0 0 1 1 0 0 0 0 49.534
0 0 1 0 1 1 0 0 0 0 1 0.643
0 0 1 1 0 1 0 0 0 0 1 0.797
0 1 0 1 0 1 1 0 0 0 0 1.767
0 1 0 1 0 1 0 0 0 0 0 0.933
1 1 0 1 1 1 0 0 0 0 0 2.08
0 1 0 1 0 1 0 0 1 0 0 2.259
1 0 0 1 0 1 1 0 0 0 0 3.937
0 1 1 1 1 1 0 0 0 0 1 9.991
0 1 0 0 0 1 0 0 0 0 0 2.078
0 0 0 0 1 1 0 0 0 0 0 2.673
0 1 0 0 0 1 0 0 1 0 0 0.807
1 1 1 0 0 1 1 0 0 0 1 0.985
0 0 1 0 0 1 0 0 1 0 1 0.935
1 0 0 0 0 1 0 0 0 0 0 0.806
1 0 0 1 0 1 0 0 1 0 0 1.667
1 0 0 0 0 1 0 0 1 0 0 1.802
1 1 1 0 0 1 0 0 1 0 1 2.035
1 0 1 0 0 1 1 0 0 0 1 1.132
0 1 0 0 1 1 0 0 0 0 0 2.104
0 0 0 1 1 1 0 0 0 0 0 2.621
1 0 0 1 0 1 0 0 0 0 0 2.128
1 0 0 1 0 1 1 0 0 0 0 3.669
0 0 1 1 0 1 0 0 0 0 1 2.335
0 0 1 0 0 1 0 0 1 0 1 0.896
0 0 1 0 1 1 0 0 0 0 1 0.693
1 1 1 0 0 1 0 0 1 0 1 0.779
1 1 1 1 0 1 0 0 0 0 1 1.867
1 0 0 0 0 1 0 0 1 0 0 1.105
0 0 1 1 0 1 0 0 1 0 1 2.343
0 0 0 0 0 1 1 0 0 0 0 1.164
1 1 1 0 1 1 0 0 0 0 1 1.116
0 0 1 0 0 1 0 0 0 0 1 2.306
0 0 1 0 0 1 1 0 0 0 1 1.266
1 0 0 0 0 1 0 0 0 0 0 1.085
1 1 1 1 0 1 0 0 1 0 1 1.435
0 1 0 0 1 1 0 0 0 0 0 1.05
0 1 0 1 1 1 0 0 0 0 0 2.916
1 1 0 0 0 1 1 0 0 0 0 2.106
0 1 0 1 0 1 1 0 0 0 0 1.669
0 1 0 0 0 1 0 0 0 0 0 2.399
0 1 1 1 0 1 1 0 0 0 1 2.081
0 1 1 0 0 1 1 0 0 0 1 2.106
0 1 0 0 0 1 0 0 1 0 0 0.758
1 0 0 0 1 1 0 0 0 0 0 1.592
1 0 0 1 0 1 0 0 1 0 0 3.873
0 1 0 1 0 1 0 0 1 0 0 2.501
1 1 1 0 0 1 0 0 0 0 1 1.092
0 0 1 1 1 1 0 0 0 0 1 1.485
0 1 0 1 0 1 0 0 0 0 0 3.203
0 1 1 1 1 1 0 0 0 0 1 2.033
0 0 1 1 0 1 1 0 0 0 1 3.958
