1 0 1 0 0 1 1 0 0 0 1 1.61
0 1 0 0 0 1 0 0 0 0 0 2.234
0 0 1 0 0 1 0 0 0 0 1 1.002
0 0 0 1 0 1 1 0 0 0 0 1.095
1 1 1 1 1 1 0 0 0 0 1 1.126
1 1 1 0 1 1 0 0 0 0 1 1.236
1 1 1 0 0 1 0 0 0 0 1 0.955
0 0 1 0 1 1 0 0 0 0 1 1.314
1 0 0 0 0 1 1 0 0 0 0 1.049
0 1 0 0 0 1 0 0 1 0 0 0.97
1 1 0 1 0 1 1 0 0 0 0 1.033
1 1 1 1 0 1 0 0 1 0 1 1.329
0 1 1 0 0 1 1 0 0 0 1 1.048
1 0 0 1 0 1 0 0 0 0 0 1.22
0 0 1 0 0 1 0 0 1 0 1 1.017
0 1 0 0 1 1 0 0 0 0 0 1.018
0 0 1 1 0 1 0 0 1 0 1 1.173
1 1 0 1 0 1 0 0 0 0 0 1.61
1 1 0 0 0 1 1 0 0 0 0 1.766
0 0 1 1 0 1 0 0 0 0 1 1.002
1 0 0 1 0 1 0 0 1 0 0 1.111
1 0 0 0 1 1 0 0 0 0 0 1.158
0 1 0 1 1 1 0 0 0 0 0 1.064
1 0 0 0 0 1 0 0 0 0 0 0.815
0 0 0 1 1 1 0 0 0 0 0 2.343
0 1 0 1 0 1 0 0 1 0 0 1.313
0 0 1 1 1 1 0 0 0 0 1 1.376
1 1 1 0 0 1 0 0 1 0 1 1.017
1 0 0 0 0 1 0 0 1 0 0 0.658
1 0 1 1 0 1 1 0 0 0 1 0.69
0 1 1 1 0 1 1 0 0 0 1 0.799
1 1 1 1 0 1 0 0 0 0 1 0.83
1 0 1 0 0 1 0 0 0 0 1 1.298
1 1 0 1 0 1 1 0 0 0 0 1.345
1 1 1 0 0 1 0 0 1 0 1 0.596
0 1 0 1 0 1 0 0 1 0 0 1.532
1 0 0 1 0 1 0 0 1 0 0 1.236
1 1 0 0 0 1 1 0 0 0 0 1.142
0 0 1 0 0 1 0 0 1 0 1 1.298
1 0 1 0 0 1 1 0 0 0 1 1.345
0 0 0 1 1 1 0 0 0 0 0 2.063
0 1 0 1 1 1 0 0 0 0 0 0.97
1 0 1 1 0 1 1 0 0 0 1 1.937
0 1 1 1 1 1 0 0 0 0 1 1.469
0 0 1 1 1 1 0 0 0 0 1 1.205
0 1 0 1 0 1 0 0 0 0 0 0.939
1 0 0 1 0 1 0 0 0 0 0 1.001
1 1 1 1 0 1 1 0 0 0 1 2.593
0 0 0 1 0 1 1 0 0 0 0 2.406
0 0 1 0 1 1 0 0 0 0 1 0.954
0 1 0 0 0 1 0 0 1 0 0 0.814
0 1 0 0 1 1 0 0 0 0 0 0.783
1 0 0 0 0 1 1 0 0 0 0 1.049
1 1 1 0 0 1 0 0 0 0 1 1.548
1 1 1 1 0 1 0 0 1 0 1 0.955
1 1 1 0 1 1 0 0 0 0 1 1.033
1 1 1 0 0 1 1 0 0 0 1 1.22
0 0 1 1 0 1 0 0 1 0 1 0.69
1 0 0 0 0 1 0 0 1 0 0 0.596
1 1 1 1 0 1 0 0 0 0 1 0.939
1 0 0 0 0 1 0 0 0 0 0 1.142
1 0 0 0 1 1 0 0 0 0 0 2.047
1 1 0 0 0 1 0 0 0 0 0 0.752
1 0 1 1 0 1 0 0 0 0 1 0.783
1 1 1 0 0 1 1 0 0 0 1 0.954
0 0 1 1 1 1 0 0 0 0 1 0.674
0 0 1 1 0 1 1 0 0 0 1 2.063
1 0 1 0 0 1 0 0 0 0 1 1.735
0 1 0 0 1 1 0 0 0 0 0 2.031
0 1 0 0 0 1 0 0 1 0 0 1.017
0 1 0 0 0 1 0 0 0 0 0 1.017
0 1 0 1 0 1 0 0 1 0 0 1.126
1 0 0 1 0 1 0 0 1 0 0 2.016
1 0 1 0 0 1 1 0 0 0 1 2.328
0 0 1 1 0 1 0 0 0 0 1 0.845
1 0 0 0 0 1 0 0 0 0 0 0.845
0 0 1 1 0 1 0 0 1 0 1 0.798
0 0 1 0 0 1 0 0 1 0 1 1.345
0 0 1 0 1 1 0 0 0 0 1 1.095
1 1 0 0 0 1 1 0 0 0 0 1.267
0 1 0 1 1 1 0 0 0 0 0 1.173
0 0 0 0 1 1 0 0 0 0 0 0.892
1 1 1 0 0 1 0 0 1 0 1 0.799
1 1 1 1 0 1 0 0 0 0 1 0.612
1 1 1 0 1 1 0 0 0 0 1 0.737
1 1 1 1 0 1 1 0 0 0 1 2.203
1 1 1 0 0 1 0 0 0 0 1 0.768
1 1 1 1 0 1 0 0 1 0 1 1.064
1 0 0 1 0 1 0 0 0 0 0 0.674
1 1 1 1 1 1 0 0 0 0 1 0.627
0 1 0 1 0 1 0 0 0 0 0 1.392
1 0 0 1 0 1 1 0 0 0 0 1.579
1 0 0 0 0 1 1 0 0 0 0 0.752
1 0 0 0 0 1 0 0 1 0 0 0.565
1 1 0 1 0 1 1 0 0 0 0 1.829
1 0 0 1 1 1 0 0 0 0 0 1.235
0 0 1 1 0 1 1 0 0 0 1 1.08
1 1 0 0 0 1 1 0 0 0 0 1.22
0 1 0 1 0 1 0 0 1 0 0 0.798
0 0 1 1 0 1 0 0 0 0 1 0.939
1 1 1 1 1 1 0 0 0 0 1 1.454
1 0 1 0 0 1 1 0 0 0 1 1.766
0 1 0 0 0 1 0 0 0 0 0 0.846
1 0 0 1 0 1 0 0 1 0 0 1.002
1 1 1 1 0 1 0 0 1 0 1 1.111
0 0 1 1 0 1 0 0 1 0 1 0.612
1 1 1 1 0 1 0 0 0 0 1 0.627
1 0 0 0 1 1 0 0 0 0 0 1.142
0 0 0 1 0 1 0 0 0 0 0 0.799
0 0 1 0 0 1 0 0 1 0 1 0.986
1 0 0 0 0 1 1 0 0 0 0 1.127
0 1 0 1 1 1 0 0 0 0 0 0.705
0 0 0 0 0 1 0 0 0 0 0 1.032
0 0 0 1 1 1 0 0 0 0 0 2.031
1 1 0 1 0 1 1 0 0 0 0 0.643
0 1 0 0 1 1 0 0 0 0 0 0.876
0 1 0 0 0 1 0 0 1 0 0 0.83
0 1 0 1 0 1 0 0 0 0 0 0.611
0 0 1 0 1 1 0 0 0 0 1 0.814
1 0 0 0 0 1 0 0 1 0 0 0.736
1 1 1 0 0 1 1 0 0 0 1 0.83
0 0 1 1 1 1 0 0 0 0 1 0.628
0 0 1 0 0 1 0 0 0 0 1 0.846
1 1 1 0 1 1 0 0 0 0 1 1.86
1 1 1 0 0 1 0 0 1 0 1 0.705
0 0 0 1 0 1 1 0 0 0 0 1.017
1 1 1 0 0 1 0 0 0 0 1 1.673
1 1 1 1 0 1 1 0 0 0 1 1.001
0 1 0 1 0 1 0 0 1 0 0 0.721
1 0 0 0 0 1 1 0 0 0 0 0.971
1 1 1 0 0 1 0 0 0 0 1 0.565
1 0 0 0 0 1 0 0 0 0 0 0.659
1 1 1 1 0 1 1 0 0 0 1 1.283
0 1 0 0 0 1 0 0 0 0 0 0.736
1 1 0 0 0 1 1 0 0 0 0 0.767
1 1 1 0 0 1 0 0 1 0 1 0.596
0 0 1 1 1 1 0 0 0 0 1 0.846
0 1 0 0 0 1 0 0 1 0 0 1.033
1 0 1 1 0 1 1 0 0 0 1 1.205
0 0 1 0 0 1 0 0 1 0 1 1.08
0 0 0 1 1 1 0 0 0 0 0 0.955
1 1 0 1 1 1 0 0 0 0 0 0.876
1 1 1 1 0 1 0 0 1 0 1 1.033
1 0 0 1 0 1 0 0 0 0 0 0.955
0 1 0 1 0 1 0 0 0 0 0 2.016
1 0 1 0 0 1 1 0 0 0 1 0.83
0 1 0 0 1 1 0 0 0 0 0 1.282
0 0 1 0 0 1 0 0 0 0 1 1.376
0 0 1 1 0 1 0 0 1 0 1 0.908
1 0 0 0 1 1 0 0 0 0 0 1.985
1 1 0 1 0 1 1 0 0 0 0 0.986
1 1 1 0 0 1 1 0 0 0 1 0.659
0 0 0 0 0 1 0 0 1 0 0 0.815
1 1 1 0 1 1 0 0 0 0 1 1.953
1 0 0 1 0 1 0 0 1 0 0 0.69
1 1 1 1 1 1 0 0 0 0 1 2.499
0 0 1 0 1 1 0 0 0 0 1 1.033
1 0 0 1 0 1 1 0 0 0 0 1.282
0 0 1 1 0 1 0 0 0 0 1 0.861
1 1 1 1 0 1 0 0 0 0 1 0.737
0 1 0 0 1 1 0 0 0 0 0 1.048
1 1 1 0 0 1 0 0 1 0 1 0.783
1 0 0 1 0 1 0 0 0 0 0 1.205
0 1 0 1 1 1 0 0 0 0 0 1.064
1 1 1 0 0 1 0 0 0 0 1 0.72
1 1 1 1 0 1 0 0 0 0 1 1.064
1 1 1 1 1 1 0 0 0 0 1 1.439
0 1 0 0 0 1 0 0 1 0 0 0.83
0 0 1 1 0 1 1 0 0 0 1 1.002
0 0 1 0 0 1 0 0 1 0 1 0.861
0 1 0 1 0 1 0 0 1 0 0 0.705
1 0 0 1 0 1 1 0 0 0 0 0.908
1 1 1 0 1 1 0 0 0 0 1 1.75
1 1 0 0 0 1 1 0 0 0 0 0.737
1 0 0 1 1 1 0 0 0 0 0 1.579
1 0 1 0 0 1 0 0 0 0 1 1.033
1 0 0 0 1 1 0 0 0 0 0 1.049
1 0 0 0 0 1 0 0 1 0 0 0.768
1 0 0 0 0 1 1 0 0 0 0 0.971
1 1 1 1 0 1 1 0 0 0 1 1.704
0 0 1 1 1 1 0 0 0 0 1 1.563
0 1 0 1 0 1 0 0 0 0 0 1.547
1 1 1 0 0 1 1 0 0 0 1 0.72
0 0 1 1 0 1 0 0 1 0 1 1.142
0 0 1 1 0 1 0 0 0 0 1 1.391
1 0 0 1 0 1 0 0 1 0 0 0.643
0 1 0 0 0 1 0 0 0 0 0 1.47
1 0 0 0 0 1 0 0 0 0 0 0.97
0 1 0 1 0 1 1 0 0 0 0 2.421
1 1 1 1 0 1 0 0 1 0 1 0.628
0 0 1 0 1 1 0 0 0 0 1 1.236
0 0 1 0 0 1 1 0 0 0 1 1.345
1 0 0 1 0 1 0 0 1 0 0 0.721
1 0 0 1 0 1 1 0 0 0 0 1.907
1 1 0 0 0 1 1 0 0 0 0 1.033
0 0 0 0 1 1 0 0 0 0 0 1.938
0 1 0 0 0 1 0 0 1 0 0 1.345
0 0 1 1 0 1 0 0 1 0 1 1.407
0 0 0 1 1 1 0 0 0 0 0 2.109
1 1 1 1 0 1 0 0 1 0 1 0.908
1 1 1 1 0 1 1 0 0 0 1 1.751
0 0 1 0 0 1 0 0 1 0 1 1.158
1 0 0 0 0 1 0 0 1 0 0 0.768
1 1 1 0 1 1 0 0 0 0 1 2.328
1 0 1 1 0 1 1 0 0 0 1 0.955
0 0 1 1 1 1 0 0 0 0 1 0.924
1 1 0 1 0 1 1 0 0 0 0 0.705
0 1 0 1 0 1 0 0 0 0 0 1.595
1 1 1 0 0 1 1 0 0 0 1 0.799
1 0 0 0 0 1 0 0 0 0 0 2.062
0 1 0 1 1 1 0 0 0 0 0 2.156
0 0 1 1 0 1 0 0 0 0 1 0.923
1 1 0 0 0 1 0 0 0 0 0 1.314
1 1 1 1 0 1 0 0 0 0 1 0.768
0 1 1 1 1 1 0 0 0 0 1 1.704
0 0 1 0 0 1 0 0 0 0 1 1.142
0 0 0 1 0 1 0 0 0 0 0 1.735
1 0 1 0 0 1 1 0 0 0 1 0.939
1 0 0 0 0 1 1 0 0 0 0 1.797
0 1 0 1 0 1 0 0 1 0 0 1.033
0 1 0 0 1 1 0 0 0 0 0 0.798
1 1 1 0 0 1 0 0 0 0 1 0.939
1 1 1 0 0 1 0 0 1 0 1 0.768
0 0 1 0 1 1 0 0 0 0 1 0.893
1 1 0 0 0 1 0 0 0 0 0 0.861
0 1 0 1 1 1 0 0 0 0 0 1.75
1 0 0 0 0 1 0 0 1 0 0 0.736
1 1 1 0 1 1 0 0 0 0 1 2.281
0 1 0 0 1 1 0 0 0 0 0 1.11
1 1 1 0 0 1 0 0 1 0 1 0.674
0 0 0 0 1 1 0 0 0 0 0 0.939
1 1 1 1 1 1 0 0 0 0 1 1.501
1 1 1 1 0 1 0 0 0 0 1 0.845
0 0 0 1 0 1 1 0 0 0 0 1.985
0 0 1 0 1 1 0 0 0 0 1 1.298
1 1 0 1 0 1 0 0 0 0 0 0.799
1 1 0 1 0 1 1 0 0 0 0 0.752
1 0 0 0 0 1 1 0 0 0 0 1.126
0 0 1 0 0 1 0 0 1 0 1 1.516
1 0 1 1 0 1 0 0 0 0 1 1.454
1 0 0 1 0 1 0 0 0 0 0 1.704
0 0 1 0 0 1 0 0 0 0 1 0.893
1 1 1 0 0 1 0 0 0 0 1 0.643
1 1 0 0 0 1 1 0 0 0 0 0.83
0 0 1 1 1 1 0 0 0 0 1 0.83
0 1 0 1 0 1 0 0 1 0 0 0.799
1 0 1 0 0 1 1 0 0 0 1 0.737
1 0 0 1 1 1 0 0 0 0 0 1.158
0 0 1 1 0 1 1 0 0 0 1 1.719
0 0 1 1 0 1 0 0 1 0 1 0.768
0 1 0 0 0 1 0 0 1 0 0 0.643
1 0 0 0 0 1 0 0 0 0 0 0.643
1 1 1 1 0 1 0 0 1 0 1 1.469
1 1 1 0 0 1 1 0 0 0 1 0.736
1 1 1 1 0 1 1 0 0 0 1 0.768
1 0 0 1 0 1 0 0 1 0 0 0.581
1 1 1 1 0 1 1 0 0 0 1 2.655
0 0 0 0 0 1 1 0 0 0 0 0.924
1 1 1 1 0 1 0 0 1 0 1 1.142
1 0 0 0 0 1 0 0 0 0 0 0.768
0 0 1 1 0 1 0 0 1 0 1 1.127
0 0 1 0 1 1 0 0 0 0 1 1.204
1 1 0 1 0 1 0 0 0 0 0 1.906
0 0 1 1 0 1 1 0 0 0 1 2.795
1 0 0 1 0 1 1 0 0 0 0 1.391
0 0 1 0 0 1 0 0 1 0 1 0.83
0 1 0 1 0 1 0 0 1 0 0 1.267
1 0 0 1 0 1 0 0 1 0 0 0.924
1 0 0 1 0 1 0 0 0 0 0 0.815
0 1 0 0 1 1 0 0 0 0 0 0.83
1 1 1 0 0 1 0 0 0 0 1 0.846
1 1 0 0 0 1 0 0 0 0 0 1.158
1 1 1 0 1 1 0 0 0 0 1 1.688
1 1 1 1 1 1 0 0 0 0 1 0.783
0 0 1 1 0 1 0 0 0 0 1 2.499
0 1 0 0 0 1 0 0 1 0 0 0.94
1 1 0 1 0 1 1 0 0 0 0 0.908
0 1 0 0 0 1 1 0 0 0 0 1.376
1 0 0 0 0 1 0 0 1 0 0 0.705
0 0 1 1 1 1 0 0 0 0 1 1.033
0 0 1 0 0 1 0 0 0 0 1 1.173
1 0 0 1 1 1 0 0 0 0 0 1.501
0 1 1 0 0 1 1 0 0 0 1 1.595
1 0 1 0 0 1 1 0 0 0 1 0.815
1 1 0 1 1 1 0 0 0 0 0 3.014
1 1 1 0 0 1 0 0 1 0 1 0.815
1 0 0 0 1 1 0 0 0 0 0 2.951
1 1 1 1 0 1 0 0 0 0 1 0.814
1 1 1 0 0 1 0 0 0 0 1 0.954
0 0 1 1 0 1 0 0 1 0 1 0.923
0 1 0 0 0 1 0 0 1 0 0 1.423
0 1 0 1 1 1 0 0 0 0 0 1.204
1 0 0 0 0 1 0 0 1 0 0 0.861
0 0 1 0 0 1 0 0 1 0 1 0.986
1 0 0 0 0 1 0 0 0 0 0 0.799
1 1 1 0 0 1 1 0 0 0 1 0.986
0 1 0 1 0 1 0 0 0 0 0 0.986
1 1 1 0 0 1 0 0 1 0 1 0.706
1 0 0 1 0 1 1 0 0 0 0 2.655
1 0 0 1 0 1 0 0 1 0 0 0.845
1 1 1 1 0 1 0 0 0 0 1 0.58
1 1 1 1 0 1 0 0 1 0 1 0.596
0 1 0 1 0 1 0 0 1 0 0 0.986
1 1 1 0 1 1 0 0 0 0 1 0.877
0 1 0 0 0 1 0 0 0 0 0 0.876
1 0 1 0 0 1 1 0 0 0 1 1.188
0 0 0 0 1 1 0 0 0 0 0 2.312
1 0 1 1 0 1 1 0 0 0 1 2.687
1 1 0 1 0 1 1 0 0 0 0 0.861
1 0 0 1 0 1 0 0 0 0 0 0.642
0 0 1 0 0 1 0 0 0 0 1 2.14
1 0 0 0 0 1 1 0 0 0 0 1.11
0 0 1 1 0 1 0 0 0 0 1 1.064
1 1 1 1 1 1 0 0 0 0 1 1.298
0 0 1 0 1 1 0 0 0 0 1 2.468
0 0 0 1 1 1 0 0 0 0 0 2.484
0 0 1 1 1 1 0 0 0 0 1 1.345
1 1 0 0 1 1 0 0 0 0 0 2.25
1 1 0 0 0 1 1 0 0 0 0 0.721
1 1 1 1 0 1 1 0 0 0 1 1.064
