1 0 1 1 1 1 0 0 0 0 1 1.984
1 1 1 0 0 1 0 0 0 0 1 0.97
0 1 0 1 1 1 0 0 0 0 0 2.297
1 1 1 0 0 1 0 0 1 0 1 1.532
1 0 0 0 0 1 0 0 1 0 0 1.408
1 1 0 0 1 1 0 0 0 0 0 2.858
1 1 0 0 0 1 0 0 0 0 0 2.125
0 0 0 1 0 1 1 0 0 0 0 2.14
1 0 0 0 0 1 0 0 0 0 0 0.908
1 0 0 0 1 1 0 0 0 0 0 2.562
1 1 1 1 0 1 0 0 0 0 1 2.078
0 1 1 0 1 1 0 0 0 0 1 2.717
0 1 0 1 0 1 0 0 1 0 0 1.033
1 0 0 1 1 1 0 0 0 0 0 1.563
0 1 0 0 0 1 0 0 1 0 0 0.908
0 0 1 1 0 1 0 0 0 0 1 2.343
0 0 1 0 1 1 0 0 0 0 1 1.797
0 1 1 1 1 1 0 0 0 0 1 2.203
0 0 1 0 0 1 0 0 1 0 1 0.939
1 0 0 1 0 1 0 0 0 0 0 0.908
1 1 1 1 0 1 1 0 0 0 1 1.266
0 0 1 1 0 1 1 0 0 0 1 2.577
1 1 0 1 0 1 1 0 0 0 0 1.111
0 1 0 1 0 1 0 0 0 0 0 0.986
1 0 0 1 0 1 0 0 1 0 0 1.08
1 0 1 1 0 1 0 0 1 0 1 0.923
1 1 1 1 0 1 0 0 1 0 1 2.202
0 0 1 0 0 1 0 0 0 0 1 2.015
1 1 1 0 0 1 1 0 0 0 1 3.061
1 0 1 0 0 1 1 0 0 0 1 0.799
1 1 0 0 0 1 1 0 0 0 0 1.205
1 0 0 0 0 1 1 0 0 0 0 2.858
1 0 1 0 0 1 1 0 0 0 1 1.266
0 0 1 1 0 1 0 0 1 0 1 0.814
1 0 0 1 0 1 0 0 0 0 0 2.265
0 0 1 1 0 1 1 0 0 0 1 2.328
1 1 1 1 0 1 0 0 1 0 1 0.861
1 0 0 0 0 1 0 0 1 0 0 0.752
0 1 0 0 1 1 0 0 0 0 0 3.014
1 0 1 0 0 1 0 0 0 0 1 1.844
1 0 0 0 0 1 0 0 0 0 0 0.955
1 1 1 1 0 1 0 0 0 0 1 1.095
0 0 1 0 1 1 0 0 0 0 1 2.686
0 0 1 0 0 1 0 0 1 0 1 0.83
0 0 0 1 0 1 1 0 0 0 0 1.251
1 1 1 0 0 1 0 0 0 0 1 0.783
0 0 0 0 1 1 0 0 0 0 0 1.407
0 1 0 1 0 1 0 0 1 0 0 1.875
1 1 1 1 1 1 0 0 0 0 1 1.314
0 1 0 1 0 1 0 0 0 0 0 2.406
0 0 1 1 0 1 0 0 0 0 1 1.251
0 1 0 0 0 1 0 0 1 0 0 0.752
1 1 1 0 1 1 0 0 0 0 1 2.031
1 1 1 0 0 1 0 0 1 0 1 0.862
1 0 0 1 0 1 0 0 1 0 0 0.83
1 1 1 0 0 1 1 0 0 0 1 1.174
1 1 1 1 0 1 1 0 0 0 1 0.814
0 1 0 0 0 1 1 0 0 0 0 1.735
1 1 0 1 1 1 0 0 0 0 0 2.249
1 0 0 0 0 1 1 0 0 0 0 2.062
0 0 1 1 1 1 0 0 0 0 1 1.938
1 0 0 1 1 1 0 0 0 0 0 2.297
1 1 0 1 0 1 1 0 0 0 0 2.375
0 1 0 0 0 1 0 0 0 0 0 1.111
0 0 1 1 0 1 0 0 0 0 1 0.986
1 0 0 1 0 1 0 0 0 0 0 1.407
0 0 1 0 0 1 0 0 1 0 1 0.908
1 0 0 0 0 1 1 0 0 0 0 1.61
1 1 0 0 1 1 0 0 0 0 0 1.954
1 1 0 1 0 1 0 0 0 0 0 2
0 1 0 1 0 1 0 0 1 0 0 1.252
0 0 1 1 0 1 0 0 1 0 1 0.924
1 0 0 0 0 1 0 0 1 0 0 0.861
0 1 0 0 0 1 0 0 0 0 0 1.142
1 1 1 1 0 1 0 0 0 0 1 2.39
1 0 0 1 0 1 1 0 0 0 0 2
0 0 0 1 1 1 0 0 0 0 0 2.312
1 1 1 1 1 1 0 0 0 0 1 1.251
1 0 0 0 1 1 0 0 0 0 0 2.265
0 1 0 1 1 1 0 0 0 0 0 2.484
0 0 1 1 1 1 0 0 0 0 1 1.407
1 0 1 1 0 1 1 0 0 0 1 2.327
0 0 0 1 0 1 0 0 1 0 0 2.514
1 1 1 0 0 1 0 0 1 0 1 1.859
1 1 1 1 0 1 0 0 1 0 1 0.862
0 1 1 0 1 1 0 0 0 0 1 1.813
0 0 1 0 0 1 0 0 0 0 1 1.127
1 0 0 0 0 1 0 0 0 0 0 1.173
1 1 0 1 0 1 1 0 0 0 0 1.438
1 1 1 0 0 1 0 0 0 0 1 1.969
0 1 0 0 0 1 0 0 1 0 0 0.861
1 0 1 0 0 1 1 0 0 0 1 2.172
1 1 1 1 0 1 1 0 0 0 1 1.938
0 0 1 0 1 1 0 0 0 0 1 0.877
1 1 1 0 0 1 1 0 0 0 1 1.142
1 1 0 0 0 1 1 0 0 0 0 1.204
0 0 1 1 0 1 0 0 0 0 1 1.423
0 0 1 0 0 1 0 0 1 0 1 0.892
1 1 1 0 0 1 0 0 1 0 1 0.97
1 0 0 0 0 1 1 0 0 0 0 1.001
1 0 0 1 0 1 0 0 0 0 0 2.031
1 1 0 0 0 1 1 0 0 0 0 1.423
1 0 0 0 0 1 0 0 1 0 0 1.345
0 1 1 1 1 1 0 0 0 0 1 1.906
1 0 1 1 0 1 1 0 0 0 1 2.812
0 1 0 1 0 1 0 0 0 0 0 2.343
0 0 1 1 1 1 0 0 0 0 1 1.204
1 1 1 0 1 1 0 0 0 0 1 1.72
1 1 1 1 0 1 0 0 1 0 1 1.204
0 1 0 0 0 1 0 0 0 0 0 2.608
0 1 0 0 0 1 0 0 1 0 0 1.157
1 0 1 0 0 1 0 0 0 0 1 1.36
0 0 1 1 0 1 0 0 1 0 1 2.281
1 0 0 0 0 1 0 0 0 0 0 1.095
0 0 1 0 1 1 0 0 0 0 1 2.265
1 0 0 1 0 1 1 0 0 0 0 1.236
0 1 0 1 1 1 0 0 0 0 0 1.876
1 1 1 1 0 1 0 0 0 0 1 0.892
0 1 0 1 0 1 0 0 1 0 0 1.657
1 1 1 0 0 1 1 0 0 0 1 0.923
1 1 1 0 0 1 0 0 0 0 1 1.703
1 1 1 1 0 1 1 0 0 0 1 1.236
1 0 0 1 0 1 0 0 1 0 0 1.111
0 1 0 0 1 1 0 0 0 0 0 2.11
0 0 0 1 1 1 0 0 0 0 0 1.704
0 0 0 0 1 1 0 0 0 0 0 2.421
1 0 1 0 0 1 1 0 0 0 1 0.783
1 1 0 1 0 1 1 0 0 0 0 0.877
1 0 0 1 0 1 0 0 0 0 0 1.08
0 1 0 0 0 1 0 0 0 0 0 1.954
1 1 1 0 0 1 0 0 1 0 1 1.392
1 1 0 1 0 1 1 0 0 0 0 1.079
1 0 0 0 0 1 1 0 0 0 0 0.939
0 0 1 0 0 1 0 0 1 0 1 0.799
0 0 1 0 1 1 0 0 0 0 1 1.938
0 0 1 0 0 1 0 0 0 0 1 0.955
1 1 0 1 0 1 0 0 1 0 0 1.423
1 0 1 1 0 1 1 0 0 0 1 1.798
1 0 0 1 0 1 0 0 1 0 0 1.08
1 1 1 0 1 1 0 0 0 0 1 2.265
0 1 0 1 0 1 0 0 0 0 0 0.892
0 1 0 0 0 1 1 0 0 0 0 1.314
0 1 0 1 1 1 0 0 0 0 0 1.907
1 0 0 0 0 1 0 0 0 0 0 3.107
1 0 0 1 0 1 1 0 0 0 0 3.014
1 1 1 1 0 1 0 0 0 0 1 1.376
0 1 0 0 1 1 0 0 0 0 0 2.078
0 1 1 0 0 1 1 0 0 0 1 1.36
1 1 1 1 0 1 0 0 1 0 1 1.064
0 1 1 1 0 1 1 0 0 0 1 2.78
1 0 1 0 0 1 1 0 0 0 1 0.783
0 1 0 0 0 1 0 0 1 0 0 1.142
1 1 1 1 1 1 0 0 0 0 1 1.017
0 0 1 1 0 1 0 0 0 0 1 1.391
1 0 1 1 1 1 0 0 0 0 1 1.75
0 0 0 0 1 1 0 0 0 0 0 1.735
1 0 0 0 0 1 0 0 1 0 0 0.971
1 1 1 0 0 1 0 0 0 0 1 0.736
1 0 0 1 1 1 0 0 0 0 0 1.641
0 0 1 1 0 1 0 0 1 0 1 1.018
0 0 0 1 1 1 0 0 0 0 0 1.813
0 0 1 1 0 1 1 0 0 0 1 2.406
1 1 0 0 1 1 0 0 0 0 0 2.562
0 1 0 1 0 1 0 0 1 0 0 1.049
0 1 0 1 0 1 0 0 0 0 0 1.548
0 0 1 1 1 1 0 0 0 0 1 1.907
1 1 0 0 0 1 0 0 0 0 0 2.593
1 0 0 0 0 1 0 0 0 0 0 1.142
1 0 0 1 0 1 0 0 1 0 0 0.846
1 0 0 0 0 1 1 0 0 0 0 1.86
0 0 1 0 0 1 0 0 0 0 1 1.579
1 0 1 0 0 1 1 0 0 0 1 2.406
1 1 1 0 0 1 0 0 1 0 1 0.612
1 1 1 1 1 1 0 0 0 0 1 2.765
0 0 1 1 0 1 0 0 0 0 1 1.142
0 1 0 1 1 1 0 0 0 0 0 2.312
1 1 0 1 0 1 1 0 0 0 0 1.001
1 0 0 1 0 1 0 0 0 0 0 2.764
1 1 1 1 0 1 1 0 0 0 1 1.564
1 1 1 1 0 1 0 0 0 0 1 1.033
1 0 0 0 0 1 0 0 1 0 0 1.735
1 1 1 0 0 1 0 0 0 0 1 1.002
1 0 0 1 0 1 1 0 0 0 0 1.672
0 1 1 0 1 1 0 0 0 0 1 1.86
0 0 1 1 0 1 0 0 1 0 1 2.936
0 0 1 0 0 1 0 0 1 0 1 0.862
0 1 0 0 0 1 0 0 1 0 0 1.095
1 1 0 0 0 1 1 0 0 0 0 0.986
1 1 1 1 0 1 0 0 1 0 1 3.123
1 1 1 0 0 1 1 0 0 0 1 1.314
0 0 0 0 1 1 0 0 0 0 0 1.688
0 0 1 0 1 1 0 0 0 0 1 2.577
1 0 0 1 0 1 1 0 0 0 0 1.985
1 0 0 0 0 1 0 0 1 0 0 1.329
0 0 0 1 0 1 0 0 0 0 0 1.781
1 1 1 1 1 1 0 0 0 0 1 1.61
1 1 1 1 0 1 0 0 0 0 1 2.202
1 0 0 1 0 1 0 0 1 0 0 2.421
1 1 0 1 0 1 0 0 0 0 0 1.642
1 0 0 0 0 1 0 0 0 0 0 1.126
0 0 1 0 0 1 0 0 0 0 1 3.014
1 0 0 0 0 1 1 0 0 0 0 2.156
0 1 0 0 0 1 0 0 0 0 0 1.688
1 1 1 1 0 1 1 0 0 0 1 1.11
0 1 0 1 0 1 0 0 1 0 0 1.641
1 0 0 1 1 1 0 0 0 0 0 1.798
0 0 1 1 0 1 0 0 1 0 1 0.861
1 0 1 1 0 1 0 0 0 0 1 1.563
0 0 1 1 1 1 0 0 0 0 1 1.189
0 1 0 1 1 1 0 0 0 0 0 2.702
1 1 1 0 0 1 1 0 0 0 1 1.797
1 1 1 0 0 1 0 0 1 0 1 0.939
1 1 0 1 0 1 1 0 0 0 0 1.813
1 0 1 0 0 1 1 0 0 0 1 2.515
0 0 1 0 0 1 0 0 1 0 1 0.799
0 1 0 0 0 1 0 0 1 0 0 1.954
0 0 0 0 1 1 0 0 0 0 0 2.546
0 1 1 0 1 1 0 0 0 0 1 1.002
1 1 1 1 0 1 0 0 1 0 1 0.628
1 1 1 0 0 1 0 0 0 0 1 0.721
1 1 0 0 0 1 1 0 0 0 0 0.924
1 1 0 0 1 1 0 0 0 0 0 2.421
1 0 1 0 1 1 0 0 0 0 1 2.5
1 0 1 1 0 1 1 0 0 0 1 1.657
1 1 1 1 1 1 0 0 0 0 1 1.907
1 0 0 1 0 1 1 0 0 0 0 0.955
0 1 0 1 1 1 0 0 0 0 0 2.094
1 1 0 1 0 1 1 0 0 0 0 0.971
1 0 0 0 0 1 0 0 0 0 0 1.657
1 1 0 0 1 1 0 0 0 0 0 2.546
1 0 0 1 0 1 0 0 1 0 0 0.877
0 0 1 0 0 1 0 0 1 0 1 1.579
0 0 1 0 0 1 1 0 0 0 1 2.951
0 0 1 1 1 1 0 0 0 0 1 1.469
1 1 1 1 0 1 0 0 1 0 1 1.719
1 0 1 0 1 1 0 0 0 0 1 2.093
0 0 0 1 1 1 0 0 0 0 0 1.547
1 1 1 1 0 1 0 0 0 0 1 2.702
1 1 1 0 0 1 1 0 0 0 1 0.768
0 1 0 1 0 1 0 0 1 0 0 2.047
0 0 1 1 0 1 0 0 0 0 1 0.846
0 1 0 0 0 1 0 0 0 0 0 2.219
1 0 0 0 0 1 0 0 1 0 0 2.64
1 0 0 1 0 1 0 0 0 0 0 2.359
0 1 0 0 0 1 0 0 1 0 0 2.437
1 0 0 0 1 1 0 0 0 0 0 1.267
0 1 0 1 0 1 0 0 0 0 0 1.298
1 0 1 1 0 1 1 0 0 0 1 2.468
0 1 0 0 0 1 1 0 0 0 0 2.499
1 0 0 0 0 1 1 0 0 0 0 1.766
0 1 1 0 1 1 0 0 0 0 1 2.093
0 0 1 1 0 1 0 0 1 0 1 3.154
1 1 1 0 0 1 0 0 0 0 1 1.329
1 1 1 0 0 1 0 0 1 0 1 1.017
1 1 1 1 0 1 1 0 0 0 1 1.813
0 0 1 0 0 1 0 0 0 0 1 0.955
1 0 1 1 1 1 0 0 0 0 1 2.796
0 0 1 1 0 1 0 0 1 0 1 0.955
0 0 1 1 0 1 1 0 0 0 1 1.376
1 0 0 0 0 1 0 0 1 0 0 0.986
1 1 1 1 0 1 1 0 0 0 1 2.156
1 1 1 0 1 1 0 0 0 0 1 2.062
1 1 1 0 0 1 0 0 0 0 1 1.017
1 1 0 1 0 1 1 0 0 0 0 1.329
0 1 0 1 1 1 0 0 0 0 0 1.079
0 0 0 1 1 1 0 0 0 0 0 2.327
0 0 1 0 0 1 0 0 0 0 1 1.844
0 1 0 0 1 1 0 0 0 0 0 1.064
1 0 0 0 0 1 0 0 0 0 0 0.783
1 1 0 0 0 1 1 0 0 0 0 1.142
0 0 0 0 1 1 0 0 0 0 0 0.674
0 0 1 0 1 1 0 0 0 0 1 1.205
0 1 1 1 1 1 0 0 0 0 1 0.986
1 0 0 0 0 1 1 0 0 0 0 1.876
0 1 0 1 0 1 0 0 1 0 0 1.033
1 1 1 1 0 1 0 0 0 0 1 1.501
1 0 0 1 0 1 1 0 0 0 0 0.643
1 0 1 0 0 1 1 0 0 0 1 0.642
1 0 0 1 0 1 0 0 1 0 0 1.064
0 0 1 1 0 1 0 0 0 0 1 1.064
1 1 0 1 0 1 0 0 0 0 0 1.032
0 1 0 0 0 1 0 0 1 0 0 0.736
1 1 1 0 0 1 1 0 0 0 1 2.124
1 1 1 0 0 1 0 0 1 0 1 0.705
1 1 1 1 0 1 0 0 1 0 1 0.768
0 1 0 0 0 1 0 0 0 0 0 1.189
1 0 0 1 0 1 0 0 0 0 0 1.283
0 0 1 0 0 1 0 0 1 0 1 0.908
1 1 0 1 0 1 1 0 0 0 0 0.908
1 1 1 0 0 1 0 0 1 0 1 0.798
0 0 0 0 1 1 0 0 0 0 0 2.047
1 0 0 1 0 1 0 0 1 0 0 0.814
0 1 0 0 0 1 0 0 0 0 0 0.736
1 0 0 1 0 1 1 0 0 0 0 2.826
0 0 1 0 1 1 0 0 0 0 1 2.234
1 1 1 0 0 1 1 0 0 0 1 0.955
1 0 1 0 0 1 1 0 0 0 1 0.893
0 0 1 0 0 1 0 0 0 0 1 1.064
0 1 1 0 1 1 0 0 0 0 1 2.218
1 1 1 1 0 1 0 0 0 0 1 0.768
0 1 1 1 1 1 0 0 0 0 1 2.406
1 0 0 1 0 1 0 0 0 0 0 0.674
0 0 1 0 0 1 0 0 1 0 1 2.483
1 0 0 0 0 1 0 0 1 0 0 0.83
1 0 0 0 0 1 1 0 0 0 0 0.72
0 0 1 1 0 1 0 0 0 0 1 2.031
1 1 1 1 0 1 1 0 0 0 1 1.813
1 0 1 1 0 1 1 0 0 0 1 2.483
0 1 0 1 0 1 0 0 0 0 0 2.124
0 1 0 0 1 1 0 0 0 0 0 0.861
1 0 0 1 1 1 0 0 0 0 0 1.829
1 1 1 1 0 1 0 0 1 0 1 0.861
1 0 0 0 0 1 0 0 0 0 0 1.625
0 1 0 1 0 1 0 0 1 0 0 0.845
1 1 0 1 1 1 0 0 0 0 0 0.783
0 0 1 1 1 1 0 0 0 0 1 1.11
1 1 1 0 0 1 0 0 0 0 1 0.767
0 1 0 0 0 1 0 0 1 0 0 0.877
1 1 0 0 0 1 1 0 0 0 0 1.142
0 0 1 1 0 1 0 0 1 0 1 0.877
