1 0 0 1 0 1 0 0 0 0 0 1.672
0 0 1 1 0 1 1 0 0 0 1 2.218
0 1 0 0 1 1 0 0 0 0 0 1.625
0 0 1 1 1 1 0 0 0 0 1 2.218
1 1 1 1 0 1 0 0 1 0 1 1.579
1 1 1 0 0 1 0 0 1 0 1 0.846
0 0 1 1 0 1 0 0 1 0 1 1.002
1 0 0 0 1 1 0 0 0 0 0 1.797
0 0 1 0 1 1 0 0 0 0 1 1.205
1 1 0 0 0 1 1 0 0 0 0 2.296
0 1 0 0 0 1 0 0 0 0 0 1.766
1 1 1 0 0 1 0 0 0 0 1 1.735
0 1 0 1 0 1 1 0 0 0 0 2.609
1 0 0 0 0 1 0 0 0 0 0 1.173
0 1 0 1 1 1 0 0 0 0 0 2.858
1 0 0 1 0 1 0 0 1 0 0 1.423
1 0 0 1 0 1 1 0 0 0 0 1.626
1 0 0 0 0 1 0 0 1 0 0 1.407
1 1 1 1 0 1 1 0 0 0 1 1.142
1 0 0 1 1 1 0 0 0 0 0 3.108
0 1 0 1 0 1 0 0 1 0 0 0.877
0 1 1 1 1 1 0 0 0 0 1 2.562
0 1 0 1 0 1 0 0 0 0 0 0.971
1 0 0 0 0 1 1 0 0 0 0 1.033
1 1 1 0 1 1 0 0 0 0 1 1.86
0 1 1 0 0 1 1 0 0 0 1 1.985
0 0 1 0 0 1 1 0 0 0 1 2.234
0 1 0 0 0 1 0 0 1 0 0 0.924
0 0 1 1 0 1 0 0 0 0 1 0.83
0 0 1 0 0 1 0 0 1 0 1 0.986
0 0 1 0 0 1 0 0 0 0 1 0.845
1 1 1 1 0 1 0 0 0 0 1 1.266
0 0 1 1 0 1 1 0 0 0 1 1.844
0 1 1 1 0 1 1 0 0 0 1 1.048
0 0 1 1 0 1 0 0 1 0 1 1.064
1 0 0 1 1 1 0 0 0 0 0 1.75
1 1 1 0 0 1 1 0 0 0 1 0.986
0 1 0 1 0 1 1 0 0 0 0 2.453
1 0 1 0 0 1 0 0 1 0 1 1.485
0 1 0 0 0 1 0 0 0 0 0 1.547
1 1 0 0 0 1 1 0 0 0 0 1.828
1 0 1 1 1 1 0 0 0 0 1 2.858
0 0 0 1 0 1 1 0 0 0 0 2.655
1 0 0 1 0 1 0 0 1 0 0 1.314
0 0 0 1 0 1 0 0 0 0 0 1.891
0 1 0 1 1 1 0 0 0 0 0 2.983
1 1 1 1 0 1 0 0 0 0 1 1.391
1 1 1 0 0 1 0 0 1 0 1 1.5
1 1 0 0 1 1 0 0 0 0 0 1.922
0 0 0 0 0 1 1 0 0 0 0 2.998
1 0 0 0 0 1 0 0 1 0 0 1.126
0 1 0 1 0 1 0 0 1 0 0 1.095
1 0 0 0 0 1 0 0 0 0 0 1.064
0 0 1 0 0 1 0 0 0 0 1 1.204
1 1 1 1 0 1 0 0 1 0 1 1.205
0 1 0 0 0 1 0 0 1 0 0 1.002
0 1 1 0 0 1 0 0 0 0 1 2.406
0 1 0 1 0 1 0 0 0 0 0 1.704
0 0 1 1 0 1 0 0 0 0 1 0.97
1 0 1 0 0 1 1 0 0 0 1 1.345
1 1 1 0 1 1 0 0 0 0 1 2.858
0 0 0 0 1 1 0 0 0 0 0 1.033
0 0 1 0 1 1 0 0 0 0 1 1.033
0 1 1 1 1 1 0 0 0 0 1 2.827
1 1 1 1 0 1 0 0 1 0 1 0.923
1 0 0 0 0 1 0 0 0 0 0 1.829
0 0 0 0 1 1 0 0 0 0 0 1.719
0 1 0 1 1 1 0 0 0 0 0 2.608
0 0 1 0 0 1 0 0 0 0 1 0.986
0 0 1 1 0 1 1 0 0 0 1 1.641
1 0 0 1 0 1 0 0 0 0 0 0.986
0 1 1 0 0 1 0 0 0 0 1 0.877
0 1 0 0 0 1 0 0 0 0 0 0.69
0 0 1 1 1 1 0 0 0 0 1 1.049
0 0 1 0 1 1 0 0 0 0 1 2.218
1 1 1 1 0 1 0 0 0 0 1 0.83
1 0 0 0 0 1 1 0 0 0 0 0.939
0 1 0 1 0 1 0 0 1 0 0 0.892
0 1 0 1 0 1 0 0 0 0 0 0.752
0 1 1 0 0 1 1 0 0 0 1 0.846
0 0 1 0 0 1 0 0 1 0 1 0.799
0 1 1 0 1 1 0 0 0 0 1 1.626
1 0 0 1 0 1 1 0 0 0 0 1.189
0 0 0 1 1 1 0 0 0 0 0 2.265
0 1 0 1 0 1 1 0 0 0 0 1.204
0 0 0 0 0 1 0 0 1 0 0 1.781
1 1 0 0 0 1 1 0 0 0 0 1.095
0 0 1 1 0 1 0 0 0 0 1 0.939
1 0 0 1 0 1 0 0 1 0 0 0.799
0 1 1 1 1 1 0 0 0 0 1 2.889
1 0 1 0 0 1 1 0 0 0 1 0.939
0 1 0 0 1 1 0 0 0 0 0 0.939
0 0 1 1 0 1 0 0 1 0 1 0.955
0 1 0 0 0 1 0 0 1 0 0 2.124
0 1 1 1 0 1 1 0 0 0 1 2.281
1 1 1 0 0 1 0 0 1 0 1 1.08
0 1 0 1 0 1 0 0 0 0 0 1.548
0 1 0 1 1 1 0 0 0 0 0 1.314
0 0 1 1 0 1 0 0 0 0 1 1.392
0 0 1 1 0 1 1 0 0 0 1 1.127
0 0 0 0 0 1 0 0 0 0 0 0.83
0 1 0 0 0 1 1 0 0 0 0 1.329
0 0 0 1 0 1 0 0 1 0 0 2.453
0 1 0 1 0 1 1 0 0 0 0 1.376
0 1 1 0 0 1 0 0 1 0 1 1.204
0 0 1 0 1 1 0 0 0 0 1 0.955
1 1 1 1 0 1 0 0 1 0 1 1.579
1 0 0 1 0 1 0 0 0 0 0 1.532
0 0 1 0 0 1 0 0 1 0 1 0.83
1 1 1 0 0 1 1 0 0 0 1 0.986
0 0 1 0 0 1 0 0 0 0 1 0.768
1 1 1 0 1 1 0 0 0 0 1 2.39
0 0 0 1 1 1 0 0 0 0 0 1.89
0 1 0 0 1 1 0 0 0 0 0 1.937
0 0 1 0 0 1 1 0 0 0 1 2.015
0 0 1 1 0 1 0 0 1 0 1 0.783
1 1 1 1 0 1 1 0 0 0 1 1.361
0 0 0 0 0 1 1 0 0 0 0 1.002
1 1 1 0 0 1 0 0 0 0 1 1.095
0 1 0 1 0 1 0 0 1 0 0 0.893
0 1 0 0 0 1 0 0 0 0 0 0.846
1 0 0 0 0 1 0 0 1 0 0 2
0 1 0 0 0 1 0 0 1 0 0 2
0 0 1 1 1 1 0 0 0 0 1 1.532
1 0 0 1 0 1 1 0 0 0 0 1.189
1 1 1 1 0 1 0 0 0 0 1 1.017
1 1 1 1 1 1 0 0 0 0 1 1.033
1 0 0 0 1 1 0 0 0 0 0 0.923
0 1 0 1 1 1 0 0 0 0 0 1.158
0 1 0 0 0 1 0 0 1 0 0 0.939
0 1 1 0 0 1 0 0 0 0 1 0.658
0 1 0 1 0 1 0 0 0 0 0 0.845
1 1 1 0 1 1 0 0 0 0 1 1.625
1 1 1 1 0 1 0 0 1 0 1 0.939
0 1 0 0 0 1 0 0 0 0 0 1.298
1 0 0 0 0 1 0 0 0 0 0 1.049
1 0 0 1 0 1 0 0 1 0 0 0.876
1 1 1 0 0 1 1 0 0 0 1 0.752
1 1 1 0 0 1 0 0 1 0 1 0.768
1 1 0 0 0 1 1 0 0 0 0 1.283
1 1 1 1 0 1 0 0 0 0 1 0.721
0 0 1 1 0 1 0 0 1 0 1 0.924
1 1 0 0 1 1 0 0 0 0 0 1.158
0 1 0 1 0 1 0 0 1 0 0 1.485
1 0 0 1 1 1 0 0 0 0 0 1.048
0 1 0 1 0 1 1 0 0 0 0 1.017
0 0 1 0 0 1 0 0 1 0 1 1.688
1 1 1 1 1 1 0 0 0 0 1 2.468
1 0 0 1 0 1 0 0 0 0 0 0.908
0 0 1 0 1 1 0 0 0 0 1 2.484
1 1 1 1 0 1 1 0 0 0 1 2.063
1 0 0 0 0 1 0 0 1 0 0 0.908
0 0 1 1 0 1 0 0 0 0 1 0.876
1 0 0 0 0 1 1 0 0 0 0 1.033
1 0 1 0 0 1 1 0 0 0 1 0.783
0 0 1 0 0 1 0 0 0 0 1 1.235
1 0 1 1 1 1 0 0 0 0 1 1.454
0 0 0 1 0 1 1 0 0 0 0 1.345
1 0 0 0 1 1 0 0 0 0 0 1.017
0 0 1 1 0 1 1 0 0 0 1 0.861
0 1 1 0 1 1 0 0 0 0 1 2.234
1 0 0 0 0 1 0 0 0 0 0 1.594
0 0 1 1 1 1 0 0 0 0 1 1.204
0 1 0 1 0 1 0 0 0 0 0 1.142
1 1 1 0 0 1 0 0 1 0 1 1.251
0 1 0 0 0 1 0 0 1 0 0 0.924
0 0 1 1 0 1 0 0 0 0 1 0.752
1 0 0 0 0 1 0 0 1 0 0 0.876
1 0 0 1 0 1 0 0 1 0 0 1.282
1 0 0 1 1 1 0 0 0 0 0 1.953
0 0 0 0 1 1 0 0 0 0 0 1.704
1 1 1 0 0 1 1 0 0 0 1 1.485
1 0 1 1 0 1 1 0 0 0 1 1.048
0 1 0 1 0 1 1 0 0 0 0 0.939
0 1 0 0 0 1 1 0 0 0 0 1.001
1 1 1 1 0 1 0 0 0 0 1 0.845
0 1 0 1 0 1 0 0 1 0 0 0.97
0 0 1 0 0 1 0 0 1 0 1 0.923
1 0 0 1 0 1 0 0 0 0 0 0.783
0 0 1 0 0 1 0 0 0 0 1 1.002
1 1 1 1 0 1 1 0 0 0 1 0.939
1 0 0 0 0 1 1 0 0 0 0 1.22
0 1 0 0 1 1 0 0 0 0 0 1.283
1 1 1 1 1 1 0 0 0 0 1 1.751
1 0 0 1 0 1 1 0 0 0 0 1.033
1 0 1 0 0 1 1 0 0 0 1 1.095
1 1 1 0 0 1 0 0 0 0 1 0.814
1 1 1 1 0 1 0 0 1 0 1 1.064
0 1 0 1 1 1 0 0 0 0 0 1.797
0 1 0 0 0 1 0 0 0 0 0 0.876
0 0 1 0 1 1 0 0 0 0 1 1.579
0 0 1 1 0 1 0 0 1 0 1 1.095
1 0 0 1 0 1 0 0 1 0 0 1.204
0 0 1 1 1 1 0 0 0 0 1 1.33
0 1 0 0 0 1 0 0 0 0 0 1.704
0 1 1 0 1 1 0 0 0 0 1 0.986
0 0 1 1 0 1 0 0 0 0 1 1.532
0 1 0 1 0 1 0 0 1 0 0 1.33
0 0 0 0 0 1 0 0 0 0 0 0.97
0 0 0 1 1 1 0 0 0 0 0 1.938
1 1 1 1 0 1 1 0 0 0 1 1.282
0 0 1 0 0 1 0 0 1 0 1 1.641
0 1 0 1 0 1 1 0 0 0 0 2.375
1 1 1 0 0 1 0 0 0 0 1 1.095
1 0 1 1 0 1 1 0 0 0 1 1.782
1 1 0 0 0 1 1 0 0 0 0 1.813
0 0 1 0 1 1 0 0 0 0 1 1.017
0 1 1 0 0 1 1 0 0 0 1 2.983
0 0 0 0 1 1 0 0 0 0 0 1.953
1 1 1 0 0 1 0 0 1 0 1 1.391
0 1 0 0 0 1 0 0 1 0 0 1.001
1 0 0 0 0 1 0 0 1 0 0 1.891
1 0 0 0 0 1 1 0 0 0 0 0.877
0 0 1 1 0 1 0 0 1 0 1 0.877
1 1 1 1 0 1 0 0 0 0 1 1.298
0 1 0 1 0 1 0 0 0 0 0 0.862
1 0 1 0 0 1 1 0 0 0 1 0.892
1 1 1 1 0 1 0 0 1 0 1 0.767
1 0 0 1 0 1 1 0 0 0 0 1.033
1 1 1 1 1 1 0 0 0 0 1 1.017
1 0 0 1 0 1 0 0 0 0 0 0.986
0 1 0 0 1 1 0 0 0 0 0 1.656
0 0 1 0 0 1 0 0 0 0 1 1.641
0 1 0 1 1 1 0 0 0 0 0 0.971
1 0 1 0 0 1 1 0 0 0 1 0.799
0 1 0 0 0 1 1 0 0 0 0 1.298
1 1 1 0 0 1 1 0 0 0 1 0.861
1 0 1 1 0 1 1 0 0 0 1 0.643
0 1 0 1 0 1 0 0 0 0 0 0.736
0 0 1 1 0 1 0 0 1 0 1 0.768
0 0 1 0 0 1 0 0 0 0 1 0.815
0 0 1 1 0 1 0 0 0 0 1 0.705
0 1 0 1 0 1 0 0 1 0 0 1.454
1 1 1 1 0 1 0 0 0 0 1 0.736
1 0 0 1 0 1 0 0 0 0 0 1.922
0 1 0 1 0 1 1 0 0 0 0 1.204
0 1 0 0 1 1 0 0 0 0 0 2.171
1 0 0 1 0 1 0 0 1 0 0 0.83
1 1 1 1 0 1 0 0 1 0 1 1.127
1 0 0 1 0 1 1 0 0 0 0 1.813
1 0 0 0 0 1 0 0 1 0 0 0.612
0 1 1 1 1 1 0 0 0 0 1 2.577
0 0 0 0 1 1 0 0 0 0 0 1.267
0 1 0 0 0 1 0 0 0 0 0 0.768
0 1 0 1 1 1 0 0 0 0 0 1.844
0 1 1 0 1 1 0 0 0 0 1 2.639
1 1 1 0 0 1 0 0 0 0 1 0.877
1 0 0 1 1 1 0 0 0 0 0 1.096
0 1 1 1 0 1 1 0 0 0 1 1.61
1 0 0 0 0 1 0 0 0 0 0 1.08
0 0 1 0 0 1 0 0 1 0 1 1.673
0 0 1 1 1 1 0 0 0 0 1 2.141
0 1 0 0 0 1 0 0 1 0 0 0.861
0 0 1 0 1 1 0 0 0 0 1 1.781
1 0 0 0 0 1 1 0 0 0 0 0.876
1 1 1 0 0 1 0 0 1 0 1 1.064
1 1 1 0 0 1 0 0 1 0 1 0.705
1 0 1 0 1 1 0 0 0 0 1 1.017
0 1 0 0 0 1 0 0 1 0 0 0.845
1 0 0 0 0 1 0 0 0 0 0 1.204
1 0 0 1 0 1 1 0 0 0 0 1.096
1 1 1 0 0 1 0 0 0 0 1 1.158
0 0 0 0 0 1 1 0 0 0 0 0.861
1 1 1 1 0 1 1 0 0 0 1 1.517
0 1 0 0 1 1 0 0 0 0 0 2.484
1 1 1 0 0 1 1 0 0 0 1 0.877
0 0 1 1 0 1 0 0 0 0 1 1.953
0 1 0 1 0 1 0 0 0 0 0 0.892
0 0 1 0 0 1 0 0 0 0 1 0.892
0 0 1 1 0 1 0 0 1 0 1 0.799
0 1 0 0 0 1 0 0 0 0 0 0.736
1 0 0 0 0 1 0 0 1 0 0 0.924
1 0 0 1 0 1 0 0 0 0 0 0.83
0 1 0 1 1 1 0 0 0 0 0 0.939
1 0 1 0 0 1 1 0 0 0 1 0.954
0 0 1 0 0 1 0 0 1 0 1 1.126
0 1 1 0 1 1 0 0 0 0 1 1.688
1 1 1 1 0 1 0 0 1 0 1 0.721
0 1 0 1 0 1 1 0 0 0 0 0.799
1 0 0 0 1 1 0 0 0 0 0 2.187
0 0 0 1 1 1 0 0 0 0 0 1.89
0 1 1 1 1 1 0 0 0 0 1 1.797
1 1 1 1 0 1 0 0 0 0 1 0.799
0 0 1 1 0 1 1 0 0 0 1 1.188
0 0 1 1 1 1 0 0 0 0 1 1.672
0 1 0 0 0 1 1 0 0 0 0 1.282
0 1 0 1 0 1 0 0 1 0 0 0.596
1 0 0 1 0 1 0 0 1 0 0 0.83
0 1 1 0 0 1 0 0 0 0 1 0.893
1 1 0 1 0 1 1 0 0 0 0 1.891
1 0 1 0 0 1 1 0 0 0 1 1.548
1 1 1 0 0 1 0 0 1 0 1 1.08
0 0 0 0 0 1 1 0 0 0 0 1.017
1 1 0 0 0 1 1 0 0 0 0 0.908
0 0 1 1 1 1 0 0 0 0 1 0.908
0 0 1 0 0 1 0 0 1 0 1 0.798
1 1 1 1 0 1 0 0 0 0 1 1.189
0 1 0 0 0 1 0 0 1 0 0 0.814
0 0 1 1 0 1 0 0 0 0 1 0.83
0 1 1 0 0 1 1 0 0 0 1 1.002
1 0 0 1 0 1 0 0 0 0 0 0.908
1 1 1 1 0 1 1 0 0 0 1 1.454
0 1 0 0 1 1 0 0 0 0 0 1.064
0 0 0 1 1 1 0 0 0 0 0 1.548
1 0 0 1 0 1 1 0 0 0 0 1.096
1 0 0 1 0 1 0 0 1 0 0 1.002
0 0 0 0 1 1 0 0 0 0 0 0.924
0 1 0 0 0 1 0 0 0 0 0 0.861
0 0 1 0 1 1 0 0 0 0 1 1.688
0 1 0 1 0 1 0 0 0 0 0 0.721
0 1 0 1 0 1 0 0 1 0 0 0.737
1 1 1 1 1 1 0 0 0 0 1 1.236
1 0 0 0 0 1 0 0 0 0 0 0.814
1 0 0 0 0 1 0 0 1 0 0 0.705
1 1 1 1 0 1 0 0 1 0 1 0.674
0 1 0 1 1 1 0 0 0 0 0 1.5
0 0 1 1 0 1 0 0 1 0 1 1.329
0 1 1 0 1 1 0 0 0 0 1 0.862
0 0 1 0 0 1 0 0 0 0 1 0.876
1 0 1 1 0 1 1 0 0 0 1 0.767
