1 0 0 1 0 1 1 0 0 0 0 2.932
0 0 1 0 0 1 1 0 0 0 1 3.108
1 1 0 0 0 1 0 0 0 0 0 2.464
0 1 0 0 0 1 0 0 1 0 0 2.202
0 1 0 1 0 1 1 0 0 0 0 2.13
1 0 1 0 1 1 0 0 0 0 1 3.072
0 0 1 1 0 1 0 0 1 0 1 3.04
1 0 1 0 0 1 0 0 1 0 1 2.849
1 0 0 1 0 1 0 0 0 0 0 2.4
1 0 1 0 0 1 0 0 0 0 1 2.669
1 1 0 0 0 1 1 0 0 0 0 1.776
1 0 1 1 0 1 0 0 0 0 1 2.037
1 1 1 1 0 1 0 0 0 0 1 3.105
1 1 1 1 0 1 1 0 0 0 1 2.945
0 1 1 0 0 1 0 0 0 0 1 2.334
0 1 1 0 0 1 1 0 0 0 1 2.336
1 0 0 0 1 1 0 0 0 0 0 2.864
0 0 0 0 0 1 0 0 0 0 0 2.104
1 1 0 1 1 1 0 0 0 0 0 2.619
1 0 0 0 0 1 0 0 1 0 0 1.658
1 1 1 1 0 1 0 0 1 0 1 1.384
1 1 0 1 0 1 0 0 0 0 0 1.614
0 0 1 1 1 1 0 0 0 0 1 2.766
0 1 1 0 1 1 0 0 0 0 1 1.592
1 1 1 0 0 1 0 0 1 0 1 2.051
1 1 0 0 1 1 0 0 0 0 0 2.919
1 0 0 1 0 1 0 0 1 0 0 1.204
1 1 0 1 0 1 0 0 1 0 0 1.881
1 0 0 1 1 1 0 0 0 0 0 2.413
1 0 0 0 0 1 1 0 0 0 0 2.795
1 0 1 1 0 1 1 0 0 0 1 2.446
0 1 1 1 1 1 0 0 0 0 1 2.35
1 1 1 0 0 1 1 0 0 0 1 1.989
1 1 1 0 0 1 0 0 0 0 1 2.886
0 1 0 1 0 1 1 0 0 0 0 2.775
1 1 1 0 0 1 0 0 1 0 1 1.989
0 0 1 1 0 1 0 0 1 0 1 2.346
1 0 0 0 1 1 0 0 0 0 0 2.063
0 1 0 0 0 1 0 0 1 0 0 1.452
0 0 1 0 1 1 0 0 0 0 1 2.554
1 1 0 1 0 1 0 0 0 0 0 2.967
0 1 0 0 0 1 0 0 0 0 0 2.368
0 1 0 1 0 1 0 0 1 0 0 1.203
0 1 1 1 0 1 1 0 0 0 1 2.92
0 0 1 1 1 1 0 0 0 0 1 3.145
1 1 1 1 0 1 0 0 0 0 1 1.731
0 0 1 1 0 1 0 0 0 0 1 2.953
1 1 1 0 1 1 0 0 0 0 1 2.971
1 1 1 1 0 1 0 0 1 0 1 1.484
1 1 0 0 0 1 1 0 0 0 0 2.311
0 0 0 1 1 1 0 0 0 0 0 2.104
1 1 1 1 1 1 0 0 0 0 1 1.605
1 1 0 0 1 1 0 0 0 0 0 3.146
1 0 1 0 0 1 0 0 0 0 1 2.207
0 0 0 0 0 1 0 0 1 0 0 3.036
0 1 0 1 1 1 0 0 0 0 0 1.905
1 0 0 0 0 1 0 0 0 0 0 2.465
0 0 0 0 0 1 1 0 0 0 0 1.882
1 0 0 1 0 1 0 0 1 0 0 2.954
0 0 1 0 0 1 0 0 1 0 1 1.908
1 0 0 1 0 1 1 0 0 0 0 1.704
0 0 1 1 0 1 1 0 0 0 1 1.918
1 0 1 0 0 1 1 0 0 0 1 2.013
0 0 0 1 0 1 0 0 0 0 0 1.356
0 0 0 1 1 1 0 0 0 0 0 2.503
0 0 1 1 0 1 0 0 1 0 1 2.177
1 0 1 0 0 1 0 0 0 0 1 2.598
0 0 1 0 1 1 0 0 0 0 1 1.611
1 1 1 0 0 1 0 0 1 0 1 1.281
1 1 1 1 0 1 0 0 1 0 1 1.971
1 1 0 1 0 1 0 0 1 0 0 1.542
0 0 1 0 0 1 1 0 0 0 1 2.336
0 1 1 1 1 1 0 0 0 0 1 2.845
0 0 0 0 0 1 0 0 0 0 0 2.97
0 0 0 0 1 1 0 0 0 0 0 1.209
0 1 0 1 1 1 0 0 0 0 0 1.636
1 0 0 1 0 1 0 0 1 0 0 1.837
1 0 0 1 0 1 0 0 0 0 0 2.317
0 1 1 0 0 1 0 0 0 0 1 1.83
1 1 0 0 0 1 1 0 0 0 0 1.939
1 1 1 0 0 1 1 0 0 0 1 2.172
0 0 0 0 0 1 1 0 0 0 0 2.157
1 1 0 0 0 1 0 0 0 0 0 1.989
1 1 0 1 0 1 0 0 0 0 0 1.878
0 0 1 0 0 1 0 0 1 0 1 2.231
1 1 0 1 0 1 1 0 0 0 0 1.771
0 1 1 0 1 1 0 0 0 0 1 1.776
1 0 0 0 0 1 0 0 1 0 0 0.938
0 1 0 0 0 1 0 0 1 0 0 1.567
1 1 1 1 0 1 1 0 0 0 1 1.315
0 0 1 1 1 1 0 0 0 0 1 2.547
1 0 0 1 0 1 1 0 0 0 0 2.171
0 1 0 0 1 1 0 0 0 0 0 3.061
0 0 1 1 0 1 1 0 0 0 1 2.92
1 0 1 1 0 1 0 0 0 0 1 2.218
1 1 1 1 0 1 0 0 0 0 1 2.148
0 0 1 0 0 1 0 0 0 0 1 1.754
0 1 0 1 1 1 0 0 0 0 0 1.164
1 1 0 0 0 1 1 0 0 0 0 1.892
1 0 0 0 1 1 0 0 0 0 0 1.655
1 0 1 0 0 1 0 0 1 0 1 0.99
0 0 1 1 1 1 0 0 0 0 1 1.807
1 1 0 1 0 1 1 0 0 0 0 1.704
1 1 1 1 1 1 0 0 0 0 1 2.531
0 0 0 0 0 1 0 0 1 0 0 1.742
1 1 0 1 0 1 0 0 1 0 0 2.402
0 0 1 1 0 1 1 0 0 0 1 2.102
1 1 0 0 0 1 0 0 1 0 0 1.979
0 0 0 0 0 1 1 0 0 0 0 1.676
0 0 0 1 0 1 0 0 0 0 0 2.461
1 1 0 0 0 1 0 0 0 0 0 1.776
0 1 1 1 0 1 0 0 1 0 1 1.711
0 1 1 0 0 1 0 0 0 0 1 2.361
0 1 0 1 0 1 0 0 0 0 0 2.45
1 1 1 0 0 1 1 0 0 0 1 2.362
0 1 1 1 0 1 1 0 0 0 1 2.642
0 0 0 1 1 1 0 0 0 0 0 2.106
1 1 1 0 0 1 0 0 1 0 1 1.045
1 1 1 1 0 1 0 0 0 0 1 2.893
0 0 0 0 0 1 0 0 0 0 0 2.012
0 1 1 0 1 1 0 0 0 0 1 2.775
0 0 1 1 0 1 0 0 1 0 1 1.638
0 0 1 0 1 1 0 0 0 0 1 1.766
1 0 0 1 0 1 0 0 1 0 0 2.139
0 0 1 1 0 1 0 0 0 0 1 0.967
1 0 0 1 0 1 1 0 0 0 0 1.2
1 1 0 0 1 1 0 0 0 0 0 1.51
1 0 1 0 0 1 1 0 0 0 1 2.348
1 1 0 1 0 1 0 0 0 0 0 2.442
1 0 0 0 0 1 0 0 0 0 0 0.446
1 0 1 1 0 1 0 0 1 0 1 1.77
0 0 0 1 0 1 1 0 0 0 0 1.486
1 0 0 1 1 1 0 0 0 0 0 2.771
1 1 0 1 0 1 0 0 1 0 0 1.225
1 1 1 1 1 1 0 0 0 0 1 2.242
1 1 1 0 1 1 0 0 0 0 1 2.925
0 1 0 0 1 1 0 0 0 0 0 1.683
1 0 0 1 0 1 0 0 0 0 0 1.467
1 0 0 0 0 1 1 0 0 0 0 2.344
0 1 0 0 0 1 0 0 1 0 0 1.362
1 1 1 0 0 1 0 0 1 0 1 1.657
0 0 1 0 0 1 0 0 1 0 1 1.505
0 1 0 1 1 1 0 0 0 0 0 2.749
0 0 1 1 0 1 0 0 0 0 1 2.418
0 0 1 0 0 1 0 0 0 0 1 1.238
1 1 1 0 0 1 1 0 0 0 1 1.533
0 1 0 0 0 1 0 0 0 0 0 1.047
1 1 1 0 0 1 0 0 0 0 1 2.418
1 0 0 1 0 1 0 0 1 0 0 1.882
1 0 1 0 0 1 1 0 0 0 1 2.845
0 1 1 1 0 1 1 0 0 0 1 2.037
1 1 1 1 0 1 0 0 1 0 1 1.271
0 1 0 1 0 1 1 0 0 0 0 1.989
0 0 1 0 1 1 0 0 0 0 1 1.701
1 1 1 1 0 1 0 0 0 0 1 1.324
1 0 0 0 0 1 0 0 1 0 0 2.986
0 0 1 1 1 1 0 0 0 0 1 1.077
1 0 0 0 1 1 0 0 0 0 0 2.333
1 0 1 1 0 1 1 0 0 0 1 2.281
0 1 0 0 0 1 1 0 0 0 0 2.279
1 0 1 0 0 1 0 0 1 0 1 1.752
0 0 0 0 1 1 0 0 0 0 0 1.602
1 0 1 0 0 1 1 0 0 0 1 1.181
1 0 0 0 0 1 0 0 0 0 0 1.148
1 1 1 0 0 1 0 0 1 0 1 1.459
1 1 1 0 0 1 1 0 0 0 1 1.189
1 0 0 1 1 1 0 0 0 0 0 2.436
0 0 1 0 1 1 0 0 0 0 1 2.251
1 0 1 1 0 1 1 0 0 0 1 3.121
0 0 0 1 0 1 0 0 0 0 0 1.741
1 0 0 1 0 1 0 0 1 0 0 2.056
1 0 0 0 0 1 0 0 1 0 0 2.39
1 1 1 1 0 1 0 0 0 0 1 1.423
1 1 0 0 0 1 1 0 0 0 0 2.949
1 0 1 0 0 1 0 0 0 0 1 1.82
1 1 0 0 0 1 0 0 0 0 0 3.158
1 0 1 1 0 1 0 0 1 0 1 1.769
0 0 0 1 0 1 1 0 0 0 0 2.702
0 1 1 0 0 1 0 0 0 0 1 1.694
1 1 1 1 0 1 0 0 1 0 1 1.293
0 1 0 0 1 1 0 0 0 0 0 0.974
1 1 1 0 1 1 0 0 0 0 1 0.862
1 0 0 0 0 1 1 0 0 0 0 2.482
1 1 1 1 0 1 1 0 0 0 1 1.451
1 1 0 0 0 1 0 0 1 0 0 0.93
0 0 1 1 0 1 0 0 0 0 1 1.357
1 1 1 1 1 1 0 0 0 0 1 1.419
1 1 0 1 0 1 0 0 0 0 0 1.475
1 1 0 1 0 1 1 0 0 0 0 2.875
1 1 0 1 1 1 0 0 0 0 0 2.54
0 0 1 1 1 1 0 0 0 0 1 0.932
0 1 0 1 0 1 0 0 1 0 0 1.736
0 0 1 0 0 1 0 0 0 0 1 2.506
0 1 0 1 1 1 0 0 0 0 0 1.875
0 1 0 1 0 1 0 0 1 0 0 1.046
1 0 1 1 0 1 0 0 0 0 1 2.081
1 0 0 1 0 1 0 0 0 0 0 1.312
0 0 1 1 1 1 0 0 0 0 1 1.09
0 1 1 0 0 1 1 0 0 0 1 2.107
1 1 0 1 0 1 1 0 0 0 0 2.305
1 0 0 1 1 1 0 0 0 0 0 2.007
1 0 0 0 1 1 0 0 0 0 0 2.256
1 1 1 0 0 1 0 0 0 0 1 1.37
1 0 0 1 0 1 1 0 0 0 0 1.565
1 0 1 1 0 1 1 0 0 0 1 1.255
1 1 1 0 0 1 0 0 1 0 1 0.731
1 1 1 1 0 1 0 0 0 0 1 0.967
0 1 0 0 1 1 0 0 0 0 0 2.573
1 0 0 0 0 1 0 0 1 0 0 1.487
0 0 1 1 0 1 0 0 1 0 1 1.271
1 1 0 0 0 1 0 0 0 0 0 1.215
1 1 0 0 0 1 0 0 1 0 0 2.593
1 1 1 1 0 1 0 0 1 0 1 0.854
1 0 1 0 0 1 1 0 0 0 1 2.029
0 0 1 0 0 1 0 0 1 0 1 1.225
1 1 0 1 0 1 0 0 0 0 0 1.44
1 1 1 0 1 1 0 0 0 0 1 1.574
0 0 1 0 1 1 0 0 0 0 1 1.364
1 1 0 0 0 1 1 0 0 0 0 1.254
1 0 0 1 0 1 0 0 1 0 0 1.747
1 1 1 1 1 1 0 0 0 0 1 2.932
1 1 1 1 0 1 1 0 0 0 1 2.642
1 0 0 0 0 1 1 0 0 0 0 1.034
1 0 0 0 0 1 0 0 0 0 0 2.473
1 0 0 1 0 1 0 0 0 0 0 1.278
1 1 1 1 0 1 1 0 0 0 1 1.191
1 1 0 1 0 1 0 0 1 0 0 2.088
0 0 1 0 0 1 1 0 0 0 1 1.692
1 0 0 1 0 1 1 0 0 0 0 2.308
0 0 1 1 1 1 0 0 0 0 1 1.521
1 1 1 1 0 1 0 0 1 0 1 1.333
1 1 0 0 0 1 0 0 1 0 0 2.484
1 0 1 1 0 1 0 0 0 0 1 3.043
0 1 1 1 1 1 0 0 0 0 1 2.587
0 1 0 0 1 1 0 0 0 0 0 1.305
1 1 1 0 1 1 0 0 0 0 1 1.115
1 0 0 0 0 1 0 0 1 0 0 1.388
1 0 1 1 0 1 1 0 0 0 1 2.727
1 0 0 0 0 1 0 0 0 0 0 2.157
1 0 0 1 0 1 0 0 1 0 0 1.223
1 0 1 0 0 1 0 0 1 0 1 1.779
1 1 0 0 0 1 0 0 0 0 0 2.464
1 0 1 0 1 1 0 0 0 0 1 2.487
1 1 1 0 0 1 0 0 1 0 1 0.875
1 1 1 0 0 1 0 0 0 0 1 2.315
1 1 1 1 0 1 0 0 0 0 1 0.449
0 0 1 1 0 1 0 0 1 0 1 1.245
0 1 0 1 0 1 0 0 0 0 0 2.477
0 1 0 1 1 1 0 0 0 0 0 1.983
1 1 0 1 0 1 1 0 0 0 0 2.756
1 0 0 0 0 1 1 0 0 0 0 2.692
1 0 0 0 1 1 0 0 0 0 0 2.571
1 1 1 0 0 1 1 0 0 0 1 2.353
0 0 1 0 0 1 0 0 0 0 1 2.613
0 0 0 1 1 1 0 0 0 0 0 2.363
1 1 0 0 0 1 1 0 0 0 0 2.799
0 0 0 0 1 1 0 0 0 0 0 1.107
0 0 1 1 0 1 0 0 1 0 1 1.195
0 1 0 0 0 1 0 0 0 0 0 1.249
0 1 0 0 0 1 0 0 1 0 0 1.118
1 0 1 1 0 1 1 0 0 0 1 2.528
1 0 0 1 0 1 1 0 0 0 0 2.194
1 1 1 0 0 1 0 0 0 0 1 0.954
1 0 1 0 0 1 1 0 0 0 1 2.791
1 0 1 0 1 1 0 0 0 0 1 1.097
1 0 0 0 0 1 0 0 0 0 0 2.078
0 0 1 1 0 1 0 0 0 0 1 1.069
1 1 1 1 0 1 0 0 0 0 1 1.342
1 1 0 1 0 1 1 0 0 0 0 1.665
0 1 1 0 0 1 1 0 0 0 1 1.627
1 0 1 0 0 1 0 0 1 0 1 1.55
1 0 0 1 0 1 0 0 0 0 0 1.85
1 1 1 1 0 1 0 0 1 0 1 1.243
1 1 1 1 0 1 1 0 0 0 1 2.144
0 1 0 1 1 1 0 0 0 0 0 1.569
1 0 0 1 0 1 0 0 1 0 0 0.968
0 0 1 1 1 1 0 0 0 0 1 1.465
1 1 0 1 0 1 0 0 0 0 0 1.851
1 1 1 0 0 1 0 0 1 0 1 0.808
1 0 0 0 0 1 1 0 0 0 0 1.511
1 0 0 0 0 1 0 0 1 0 0 0.919
0 1 0 0 0 1 1 0 0 0 0 2.574
1 1 1 0 1 1 0 0 0 0 1 2.54
1 1 1 1 1 1 0 0 0 0 1 2.6
0 1 0 0 1 1 0 0 0 0 0 2.149
1 0 1 0 0 1 0 0 0 0 1 1.315
0 1 0 1 0 1 0 0 1 0 0 1.738
1 0 0 1 1 1 0 0 0 0 0 2.803
0 1 0 1 0 1 0 0 1 0 0 1.365
1 1 0 1 0 1 1 0 0 0 0 3.016
0 0 1 0 1 1 0 0 0 0 1 0.833
1 1 1 0 1 1 0 0 0 0 1 0.97
1 0 0 0 0 1 0 0 1 0 0 0.827
1 0 1 1 0 1 1 0 0 0 1 3.025
1 1 1 1 1 1 0 0 0 0 1 2.16
1 0 0 0 0 1 1 0 0 0 0 3.152
1 1 0 0 1 1 0 0 0 0 0 2.78
1 0 1 1 0 1 0 0 0 0 1 2.701
0 1 0 0 0 1 0 0 1 0 0 0.929
0 1 0 1 1 1 0 0 0 0 0 1.61
0 0 1 1 0 1 0 0 1 0 1 1.179
1 1 1 1 0 1 0 0 0 0 1 0.979
1 1 1 0 0 1 1 0 0 0 1 2.071
0 0 1 0 0 1 0 0 0 0 1 1.348
1 1 0 0 0 1 0 0 0 0 0 1.61
1 0 0 0 0 1 0 0 0 0 0 2.981
0 0 1 0 0 1 0 0 1 0 1 1.963
0 1 1 1 0 1 1 0 0 0 1 1.447
1 1 1 0 0 1 0 0 1 0 1 1.09
1 0 0 0 1 1 0 0 0 0 0 1.362
0 0 0 1 1 1 0 0 0 0 0 2.997
1 0 0 1 0 1 0 0 0 0 0 1.059
1 1 0 1 0 1 0 0 0 0 0 1.324
0 0 1 0 0 1 1 0 0 0 1 2.211
1 0 0 1 0 1 1 0 0 0 0 1.675
1 0 1 1 1 1 0 0 0 0 1 1.942
0 1 1 0 0 1 0 0 0 0 1 2.025
1 1 0 0 0 1 1 0 0 0 0 2.195
1 1 1 1 0 1 0 0 1 0 1 0.831
1 0 0 1 0 1 0 0 1 0 0 0.865
