1 1 1 0 0 1 0 0 1 0 1 3.045
0 1 0 0 0 1 0 0 1 0 0 0.799
1 1 0 1 1 1 0 0 0 0 0 2.655
0 1 0 0 0 1 0 0 0 0 0 1.064
1 1 0 0 1 1 0 0 0 0 0 1.438
1 0 0 0 0 1 0 0 1 0 0 0.752
1 1 1 1 0 1 0 0 1 0 1 1.298
1 0 1 1 1 1 0 0 0 0 1 2.094
0 0 1 1 0 1 0 0 0 0 1 2.671
0 0 1 0 0 1 0 0 1 0 1 1.922
1 1 1 1 0 1 0 0 0 0 1 2.327
1 0 0 1 0 1 0 0 0 0 0 1.89
0 0 1 1 0 1 0 0 1 0 1 1.033
1 0 0 1 0 1 1 0 0 0 0 1.579
1 1 0 1 0 1 0 0 0 0 0 1.719
1 0 0 0 1 1 0 0 0 0 0 1.953
0 1 1 1 0 1 1 0 0 0 1 2.219
1 0 1 1 0 1 1 0 0 0 1 1.829
1 1 1 0 1 1 0 0 0 0 1 2.109
1 1 0 1 0 1 1 0 0 0 0 1.438
1 0 0 0 0 1 1 0 0 0 0 2.141
1 0 1 0 0 1 1 0 0 0 1 1.36
0 0 1 0 0 1 0 0 0 0 1 1.079
0 1 0 1 0 1 0 0 1 0 0 1.501
1 1 1 0 0 1 1 0 0 0 1 0.83
1 1 1 0 0 1 0 0 0 0 1 1.782
1 0 0 0 0 1 0 0 0 0 0 0.799
1 1 1 1 1 1 0 0 0 0 1 1.517
1 0 0 1 0 1 0 0 1 0 0 1.095
1 0 0 1 1 1 0 0 0 0 0 1.719
1 1 0 0 0 1 1 0 0 0 0 1.095
1 0 1 0 1 1 0 0 0 0 1 1.345
1 0 0 1 1 1 0 0 0 0 0 2.109
0 1 0 1 0 1 0 0 1 0 0 1.267
0 0 1 0 0 1 0 0 0 0 1 0.784
0 1 0 0 1 1 0 0 0 0 0 1.797
1 0 0 0 0 1 1 0 0 0 0 0.939
1 0 1 0 0 1 1 0 0 0 1 1.033
1 1 1 1 0 1 1 0 0 0 1 1.485
1 1 0 1 1 1 0 0 0 0 0 1.422
1 0 0 1 0 1 1 0 0 0 0 1.594
1 0 0 0 0 1 0 0 0 0 0 0.954
1 0 0 0 1 1 0 0 0 0 0 1.906
1 1 1 1 0 1 0 0 1 0 1 0.939
1 0 0 1 0 1 0 0 1 0 0 2
1 1 1 1 1 1 0 0 0 0 1 1.11
1 1 1 0 0 1 0 0 1 0 1 1.033
1 0 0 0 0 1 0 0 1 0 0 0.861
1 1 0 0 0 1 0 0 0 0 0 0.908
1 1 1 0 0 1 1 0 0 0 1 1.002
1 1 0 1 0 1 1 0 0 0 0 1.423
0 0 1 0 1 1 0 0 0 0 1 0.939
0 1 0 1 0 1 0 0 0 0 0 0.908
1 1 0 0 0 1 0 0 1 0 0 1.486
1 1 1 0 0 1 0 0 0 0 1 0.877
1 1 1 0 1 1 0 0 0 0 1 1.454
1 0 0 1 0 1 0 0 0 0 0 1.048
0 0 1 1 0 1 0 0 1 0 1 0.69
1 1 1 1 0 1 0 0 0 0 1 0.83
0 0 1 0 0 1 0 0 1 0 1 0.768
1 0 1 1 1 1 0 0 0 0 1 2.188
0 1 0 0 0 1 1 0 0 0 0 1.548
0 0 1 1 0 1 0 0 0 0 1 0.939
1 0 1 1 0 1 1 0 0 0 1 1.656
0 0 0 0 1 1 0 0 0 0 0 1.594
1 0 1 0 0 1 1 0 0 0 1 1.032
0 0 1 1 0 1 0 0 0 0 1 0.939
1 1 1 0 0 1 0 0 1 0 1 1.158
1 0 0 1 1 1 0 0 0 0 0 2.203
0 0 1 1 1 1 0 0 0 0 1 0.986
1 1 1 1 0 1 1 0 0 0 1 0.939
0 0 1 0 1 1 0 0 0 0 1 0.971
1 0 0 0 0 1 1 0 0 0 0 0.814
0 0 1 0 0 1 0 0 1 0 1 0.877
0 1 0 0 0 1 0 0 0 0 0 1.22
0 0 1 1 0 1 0 0 1 0 1 0.752
0 0 1 0 0 1 0 0 0 0 1 0.643
1 0 0 0 0 1 0 0 0 0 0 0.939
1 1 1 0 0 1 1 0 0 0 1 1.391
1 1 1 1 0 1 0 0 0 0 1 0.939
1 0 1 1 0 1 1 0 0 0 1 1.751
0 1 0 1 0 1 0 0 1 0 0 0.799
1 1 1 0 0 1 0 0 0 0 1 0.83
0 1 0 1 0 1 0 0 0 0 0 0.955
1 1 0 1 1 1 0 0 0 0 0 2.031
1 1 0 1 0 1 1 0 0 0 0 1.001
0 0 0 1 0 1 1 0 0 0 0 1.454
1 0 0 1 0 1 0 0 0 0 0 0.861
1 0 0 0 0 1 0 0 1 0 0 0.877
1 1 0 0 1 1 0 0 0 0 0 1.282
1 0 0 1 0 1 0 0 1 0 0 0.83
0 1 0 0 0 1 0 0 1 0 0 0.69
1 1 1 1 0 1 0 0 1 0 1 0.736
1 1 1 0 1 1 0 0 0 0 1 0.845
1 1 0 0 0 1 1 0 0 0 0 0.689
1 1 1 1 1 1 0 0 0 0 1 2.031
1 1 1 1 0 1 1 0 0 0 1 0.768
1 0 0 0 1 1 0 0 0 0 0 1.049
1 1 1 0 0 1 0 0 1 0 1 0.846
0 1 1 0 1 1 0 0 0 0 1 1.251
0 1 0 1 0 1 0 0 0 0 0 0.814
0 0 1 1 1 1 0 0 0 0 1 0.908
0 0 1 0 0 1 0 0 1 0 1 0.83
1 0 0 1 0 1 1 0 0 0 0 1.049
1 0 0 0 0 1 0 0 0 0 0 0.752
0 1 0 1 1 1 0 0 0 0 0 1.439
1 1 1 1 0 1 0 0 1 0 1 0.924
0 0 1 1 0 1 0 0 1 0 1 0.752
0 1 0 0 0 1 0 0 0 0 0 0.705
0 1 0 1 0 1 0 0 1 0 0 0.674
0 1 0 0 1 1 0 0 0 0 0 0.72
1 1 1 1 1 1 0 0 0 0 1 2.795
1 1 0 0 0 1 1 0 0 0 0 0.892
1 0 1 0 0 1 1 0 0 0 1 0.876
1 1 1 1 0 1 0 0 0 0 1 0.799
1 1 0 1 0 1 1 0 0 0 0 0.908
0 1 0 0 0 1 0 0 1 0 0 0.908
1 0 0 1 1 1 0 0 0 0 0 2.078
1 1 1 0 0 1 0 0 0 0 1 0.674
1 0 0 0 0 1 0 0 1 0 0 0.581
1 0 0 0 0 1 1 0 0 0 0 0.721
0 0 1 1 0 1 0 0 0 0 1 0.924
1 0 0 1 0 1 0 0 0 0 0 1.127
1 0 1 0 0 1 0 0 0 0 1 0.659
1 0 1 1 0 1 1 0 0 0 1 0.877
1 0 0 1 0 1 0 0 1 0 0 0.737
1 1 1 0 0 1 1 0 0 0 1 1.454
0 0 1 0 1 1 0 0 0 0 1 0.94
1 1 1 0 0 1 0 0 1 0 1 0.767
1 1 0 0 0 1 1 0 0 0 0 0.736
0 1 0 0 0 1 0 0 1 0 0 0.846
0 1 0 1 0 1 0 0 1 0 0 1.392
1 1 0 1 1 1 0 0 0 0 0 1.969
1 1 0 1 0 1 1 0 0 0 0 2.546
0 0 1 0 0 1 0 0 1 0 1 0.752
0 1 1 1 0 1 1 0 0 0 1 2.484
1 0 1 0 0 1 1 0 0 0 1 2.422
1 0 0 1 0 1 1 0 0 0 0 1.345
0 0 1 1 1 1 0 0 0 0 1 0.971
1 0 1 0 0 1 0 0 0 0 1 0.986
0 0 0 0 1 1 0 0 0 0 0 1.485
0 1 0 0 1 1 0 0 0 0 0 1.017
1 1 1 0 0 1 1 0 0 0 1 0.799
1 1 0 0 0 1 0 0 0 0 0 0.955
1 1 1 0 0 1 0 0 0 0 1 0.674
1 1 1 1 1 1 0 0 0 0 1 1.719
0 0 1 1 0 1 0 0 0 0 1 0.815
1 0 1 1 0 1 1 0 0 0 1 1.548
0 0 1 1 0 1 0 0 1 0 1 1.267
0 0 1 0 1 1 0 0 0 0 1 0.971
1 0 0 0 0 1 0 0 0 0 0 0.939
1 0 0 1 0 1 0 0 1 0 0 0.799
0 0 0 0 0 1 1 0 0 0 0 0.768
1 1 1 0 1 1 0 0 0 0 1 0.939
1 0 0 1 0 1 0 0 0 0 0 1.032
0 0 0 1 1 1 0 0 0 0 0 1.937
0 1 0 1 0 1 0 0 0 0 0 1.594
1 0 0 0 0 1 0 0 1 0 0 0.892
1 1 1 1 0 1 0 0 0 0 1 1.361
1 1 1 1 0 1 0 0 1 0 1 0.861
1 1 0 1 0 1 0 0 0 0 0 2.437
0 1 0 0 0 1 0 0 1 0 0 0.721
1 0 0 0 0 1 0 0 1 0 0 0.721
1 0 0 0 0 1 1 0 0 0 0 1.142
1 1 0 0 0 1 1 0 0 0 0 0.924
1 0 0 0 0 1 0 0 0 0 0 0.674
1 0 0 0 1 1 0 0 0 0 0 1.641
1 1 1 0 1 1 0 0 0 0 1 1.672
1 0 0 1 0 1 0 0 0 0 0 0.768
1 0 1 1 0 1 1 0 0 0 1 1.688
1 0 1 1 1 1 0 0 0 0 1 2.53
1 1 1 0 0 1 0 0 1 0 1 0.658
0 0 1 1 0 1 0 0 1 0 1 0.846
0 0 1 0 1 1 0 0 0 0 1 0.908
1 1 1 1 1 1 0 0 0 0 1 2.733
0 1 0 1 0 1 0 0 1 0 0 0.721
0 0 0 1 1 1 0 0 0 0 0 2.561
1 1 1 1 0 1 0 0 1 0 1 0.72
1 1 0 1 0 1 1 0 0 0 0 1.157
1 1 1 0 0 1 0 0 0 0 1 1.111
1 0 0 1 0 1 0 0 1 0 0 0.658
1 0 0 1 0 1 1 0 0 0 0 0.814
0 0 1 0 0 1 0 0 0 0 1 0.643
1 1 1 1 0 1 0 0 0 0 1 0.862
0 0 1 0 0 1 0 0 1 0 1 0.892
1 0 1 0 0 1 1 0 0 0 1 1.189
1 1 1 1 0 1 1 0 0 0 1 0.955
0 0 1 1 0 1 0 0 0 0 1 0.705
1 1 1 0 0 1 1 0 0 0 1 0.689
1 1 0 1 1 1 0 0 0 0 0 2.297
1 1 0 0 1 1 0 0 0 0 0 2.531
0 1 0 0 0 1 0 0 0 0 0 1.002
1 1 1 0 0 1 0 0 0 0 1 0.674
0 0 1 0 0 1 0 0 1 0 1 0.596
1 1 1 1 1 1 0 0 0 0 1 2.125
1 0 0 1 0 1 0 0 0 0 0 0.799
0 1 0 1 0 1 0 0 1 0 0 0.799
1 0 0 0 1 1 0 0 0 0 0 1.454
1 1 0 0 0 1 1 0 0 0 0 1.142
1 1 1 1 0 1 0 0 1 0 1 0.924
0 0 1 0 1 1 0 0 0 0 1 0.971
1 0 0 0 0 1 1 0 0 0 0 0.721
0 0 1 1 0 1 0 0 0 0 1 1.064
1 0 0 0 0 1 0 0 1 0 0 1.485
0 1 1 0 0 1 1 0 0 0 1 0.783
0 1 0 0 0 1 0 0 0 0 0 0.908
1 1 1 1 0 1 1 0 0 0 1 2.359
1 0 1 1 0 1 1 0 0 0 1 1.158
1 0 0 0 0 1 0 0 0 0 0 1.314
1 1 1 0 1 1 0 0 0 0 1 1.064
1 1 1 0 0 1 0 0 1 0 1 1.252
1 0 0 1 0 1 0 0 1 0 0 1.282
0 1 0 1 1 1 0 0 0 0 0 1.594
0 1 0 0 0 1 0 0 1 0 0 0.549
1 1 0 1 0 1 0 0 0 0 0 1.033
1 0 0 1 1 1 0 0 0 0 0 2.328
1 1 1 1 0 1 0 0 0 0 1 0.892
0 0 1 0 0 1 0 0 0 0 1 0.954
1 1 0 1 0 1 1 0 0 0 0 2.546
1 1 0 0 1 1 0 0 0 0 0 0.955
0 0 1 1 1 1 0 0 0 0 1 1.018
1 0 0 1 0 1 1 0 0 0 0 1.189
0 0 1 1 0 1 0 0 1 0 1 0.861
1 0 1 0 0 1 1 0 0 0 1 0.83
1 1 1 0 0 1 0 0 1 0 1 0.752
0 1 0 1 0 1 0 0 0 0 0 0.814
0 1 0 1 0 1 0 0 1 0 0 1.938
1 1 1 1 0 1 1 0 0 0 1 0.986
1 1 0 0 0 1 1 0 0 0 0 0.815
1 0 0 1 1 1 0 0 0 0 0 2.718
1 0 0 0 0 1 1 0 0 0 0 0.783
1 0 0 1 0 1 1 0 0 0 0 1.018
0 0 1 1 0 1 0 0 1 0 1 0.799
0 0 1 1 1 1 0 0 0 0 1 1.501
1 1 0 0 0 1 0 0 0 0 0 2.172
1 1 1 1 0 1 0 0 1 0 1 0.784
0 0 1 0 0 1 0 0 1 0 1 0.736
0 0 1 1 0 1 0 0 0 0 1 0.705
1 1 1 0 1 1 0 0 0 0 1 1.829
0 1 0 0 0 1 0 0 1 0 0 0.69
1 0 1 0 0 1 1 0 0 0 1 0.674
1 0 1 1 0 1 1 0 0 0 1 1.049
1 1 1 1 1 1 0 0 0 0 1 1.049
1 1 0 1 1 1 0 0 0 0 0 1.532
1 0 0 0 1 1 0 0 0 0 0 0.877
0 0 1 0 1 1 0 0 0 0 1 1.938
1 0 0 0 0 1 0 0 1 0 0 0.628
1 0 0 0 0 1 0 0 0 0 0 0.721
1 0 0 1 0 1 0 0 1 0 0 0.877
1 1 1 0 0 1 0 0 0 0 1 0.628
1 1 0 0 1 1 0 0 0 0 0 1.501
1 1 1 0 0 1 1 0 0 0 1 0.939
0 0 1 0 0 1 0 0 0 0 1 1.953
1 0 0 1 0 1 0 0 0 0 0 0.893
0 1 0 1 0 1 1 0 0 0 0 1.563
1 1 1 1 0 1 0 0 0 0 1 0.705
1 1 1 1 0 1 0 0 0 0 1 0.94
1 0 0 0 1 1 0 0 0 0 0 1.485
1 0 0 1 0 1 1 0 0 0 0 1.001
1 0 0 0 0 1 0 0 1 0 0 0.767
1 1 0 0 1 1 0 0 0 0 0 2.343
1 1 0 1 1 1 0 0 0 0 0 2.5
0 0 1 0 1 1 0 0 0 0 1 2.031
0 1 0 1 0 1 0 0 1 0 0 0.705
1 1 1 0 0 1 0 0 0 0 1 0.815
1 1 0 1 0 1 1 0 0 0 0 0.705
0 0 1 1 0 1 0 0 1 0 1 0.549
1 1 0 0 0 1 0 0 0 0 0 1.08
0 0 1 0 0 1 0 0 1 0 1 1.704
1 0 0 1 0 1 0 0 1 0 0 1.127
1 0 0 0 0 1 1 0 0 0 0 0.721
1 0 0 1 0 1 0 0 0 0 0 0.845
1 1 1 1 1 1 0 0 0 0 1 0.892
0 1 1 1 0 1 1 0 0 0 1 0.72
1 1 1 0 1 1 0 0 0 0 1 1.423
1 0 0 0 0 1 0 0 0 0 0 1.08
1 1 1 1 0 1 0 0 1 0 1 2.047
1 0 1 1 0 1 1 0 0 0 1 1.002
1 1 0 0 0 1 1 0 0 0 0 1.594
0 0 1 1 0 1 0 0 0 0 1 1.001
0 1 0 0 0 1 0 0 1 0 0 0.893
1 0 0 1 1 1 0 0 0 0 0 2.437
1 0 1 1 1 1 0 0 0 0 1 2.422
0 0 1 0 0 1 0 0 0 0 1 0.658
1 0 1 0 0 1 1 0 0 0 1 0.971
1 1 1 0 0 1 1 0 0 0 1 0.783
0 1 0 1 0 1 0 0 0 0 0 0.845
1 1 1 0 0 1 0 0 1 0 1 1.547
1 1 0 0 0 1 1 0 0 0 0 0.924
1 1 1 1 0 1 1 0 0 0 1 1.018
0 0 0 1 1 1 0 0 0 0 0 1.782
1 0 0 0 0 1 0 0 0 0 0 1.095
1 0 1 1 0 1 1 0 0 0 1 1.984
0 1 0 0 0 1 0 0 0 0 0 0.69
1 1 1 0 1 1 0 0 0 0 1 1.33
1 0 0 1 0 1 0 0 0 0 0 0.83
0 0 1 1 1 1 0 0 0 0 1 1.22
1 0 0 0 1 1 0 0 0 0 0 0.955
1 0 1 0 0 1 1 0 0 0 1 0.892
0 0 1 0 0 1 0 0 1 0 1 0.799
0 1 0 0 0 1 0 0 1 0 0 0.611
1 0 0 0 0 1 1 0 0 0 0 0.798
1 0 0 1 0 1 1 0 0 0 0 1.486
1 1 1 1 1 1 0 0 0 0 1 0.908
0 0 1 1 0 1 0 0 1 0 1 0.736
1 0 0 0 0 1 0 0 1 0 0 0.908
1 0 0 1 0 1 0 0 1 0 0 0.799
1 1 1 0 0 1 0 0 0 0 1 0.721
1 1 1 1 0 1 0 0 0 0 1 0.752
0 0 1 0 0 1 0 0 0 0 1 1.189
1 1 1 0 0 1 0 0 1 0 1 0.752
1 1 1 1 0 1 0 0 1 0 1 0.674
0 0 1 1 0 1 0 0 0 0 1 0.939
1 1 0 0 1 1 0 0 0 0 0 0.924
1 1 0 1 1 1 0 0 0 0 0 0.955
0 1 1 0 0 1 1 0 0 0 1 1.189
0 1 0 1 0 1 0 0 0 0 0 1.049
1 1 0 1 0 1 1 0 0 0 0 1.907
0 0 1 0 1 1 0 0 0 0 1 0.768
0 1 0 1 0 1 0 0 1 0 0 0.768
