1 1 1 0 0 1 0 0 1 0 1 1.017
1 1 1 1 0 1 0 0 1 0 1 0.877
1 0 0 0 0 1 0 0 1 0 0 0.752
1 0 0 0 0 1 0 0 0 0 0 0.721
1 1 0 1 0 1 0 0 1 0 0 0.799
1 0 0 1 1 1 0 0 0 0 0 0.768
0 0 1 0 0 1 0 0 0 0 1 0.939
1 0 0 1 0 1 0 0 0 0 0 0.986
1 1 1 0 0 1 0 0 0 0 1 0.893
0 1 0 1 0 1 0 0 0 0 0 0.814
1 1 0 1 1 1 0 0 0 0 0 0.83
1 1 1 1 0 1 0 0 0 0 1 0.658
1 0 0 1 0 1 0 0 1 0 0 1.329
0 0 1 0 0 1 0 0 1 0 1 0.893
0 0 1 0 1 1 0 0 0 0 1 0.986
0 0 1 1 0 1 0 0 0 0 1 0.971
0 1 0 0 0 1 0 0 0 0 0 0.846
1 1 1 1 0 1 1 0 0 0 1 1.157
1 1 1 0 0 1 1 0 0 0 1 0.674
0 0 1 1 1 1 0 0 0 0 1 1.111
1 1 0 1 0 1 1 0 0 0 0 0.69
1 0 0 0 1 1 0 0 0 0 0 1.189
1 0 0 1 0 1 1 0 0 0 0 0.814
0 1 0 0 0 1 0 0 1 0 0 0.798
0 0 0 0 0 1 1 0 0 0 0 1.095
1 1 1 0 1 1 0 0 0 0 1 1.095
0 0 1 1 0 1 0 0 1 0 1 0.954
1 1 1 1 1 1 0 0 0 0 1 1.236
0 1 0 0 0 1 1 0 0 0 0 0.955
0 1 0 0 1 1 0 0 0 0 0 1.064
1 0 1 1 0 1 1 0 0 0 1 2.156
0 0 1 0 0 1 1 0 0 0 1 0.986
0 0 1 1 0 1 1 0 0 0 1 1.111
0 0 1 0 0 1 0 0 0 0 1 0.893
1 1 1 0 0 1 0 0 1 0 1 1.142
1 0 0 1 0 1 1 0 0 0 0 1.064
0 0 1 1 0 1 0 0 1 0 1 0.861
0 0 1 1 0 1 0 0 0 0 1 1.096
0 1 0 0 0 1 0 0 1 0 0 0.846
0 1 0 0 0 1 0 0 0 0 0 0.97
0 0 0 0 0 1 1 0 0 0 0 0.923
1 0 0 0 0 1 0 0 1 0 0 0.955
0 0 0 0 0 1 0 0 0 0 0 0.768
1 1 0 1 1 1 0 0 0 0 0 0.97
0 0 1 1 1 1 0 0 0 0 1 0.799
0 0 1 0 0 1 0 0 1 0 1 0.783
1 1 1 0 0 1 1 0 0 0 1 0.815
1 1 1 1 1 1 0 0 0 0 1 1.314
0 1 1 1 0 1 0 0 0 0 1 1.516
0 1 0 1 0 1 0 0 1 0 0 1.095
1 1 1 0 1 1 0 0 0 0 1 0.924
0 0 0 0 1 1 0 0 0 0 0 1.111
0 0 1 0 1 1 0 0 0 0 1 0.845
1 0 0 1 0 1 0 0 0 0 0 0.752
1 1 0 1 0 1 1 0 0 0 0 1.142
1 0 0 1 1 1 0 0 0 0 0 0.986
0 1 0 0 0 1 1 0 0 0 0 0.846
1 1 0 0 1 1 0 0 0 0 0 0.783
1 0 0 1 0 1 0 0 1 0 0 1.033
1 1 1 1 0 1 0 0 1 0 1 0.768
1 0 1 0 0 1 1 0 0 0 1 1.392
0 1 0 1 0 1 0 0 0 0 0 0.97
0 1 1 0 0 1 0 0 0 0 1 0.705
1 1 1 1 0 1 1 0 0 0 1 1.204
1 1 0 1 1 1 0 0 0 0 0 1.36
1 0 1 0 1 1 0 0 0 0 1 1.22
1 1 0 0 0 1 0 0 0 0 0 0.908
1 1 1 1 0 1 1 0 0 0 1 0.986
0 1 0 0 1 1 0 0 0 0 0 1.111
1 1 0 1 0 1 1 0 0 0 0 0.768
1 0 0 0 1 1 0 0 0 0 0 1.579
1 0 0 0 0 1 0 0 1 0 0 1.189
0 1 0 0 0 1 0 0 1 0 0 1.391
1 1 0 0 0 1 1 0 0 0 0 0.627
0 0 1 0 0 1 0 0 1 0 1 1.095
0 0 1 0 0 1 0 0 0 0 1 1.36
1 1 1 1 0 1 0 0 1 0 1 0.783
1 0 0 0 0 1 1 0 0 0 0 1.158
1 0 1 1 1 1 0 0 0 0 1 1.08
1 1 1 0 0 1 0 0 0 0 1 0.768
1 0 0 0 0 1 0 0 0 0 0 0.69
1 1 1 0 0 1 1 0 0 0 1 0.768
1 1 1 0 0 1 0 0 1 0 1 0.768
1 0 1 0 0 1 1 0 0 0 1 0.799
0 1 0 1 0 1 0 0 1 0 0 1.018
0 1 0 1 0 1 0 0 0 0 0 1.812
1 1 1 1 1 1 0 0 0 0 1 0.845
0 0 1 1 0 1 0 0 0 0 1 0.767
1 0 0 1 0 1 0 0 1 0 0 1.126
1 0 1 1 0 1 1 0 0 0 1 0.767
1 1 1 1 0 1 0 0 0 0 1 0.97
1 0 0 1 0 1 0 0 0 0 0 0.971
1 0 0 1 0 1 1 0 0 0 0 1.516
0 0 1 1 0 1 0 0 1 0 1 1.001
1 0 0 1 1 1 0 0 0 0 0 0.954
1 1 1 0 1 1 0 0 0 0 1 1.017
1 1 1 1 0 1 1 0 0 0 1 1.158
0 1 1 0 1 1 0 0 0 0 1 0.72
1 0 0 0 1 1 0 0 0 0 0 0.97
1 0 0 1 0 1 0 0 0 0 0 0.892
0 1 0 0 0 1 0 0 0 0 0 1.064
1 1 1 0 0 1 0 0 0 0 1 1.126
0 0 1 1 0 1 0 0 1 0 1 0.971
1 0 0 1 0 1 1 0 0 0 0 1.283
1 1 1 0 0 1 1 0 0 0 1 1.033
1 1 0 1 0 1 0 0 0 0 0 0.814
1 1 0 0 1 1 0 0 0 0 0 0.689
1 1 1 1 0 1 0 0 1 0 1 1.188
1 1 1 1 0 1 0 0 0 0 1 1.36
1 0 0 1 0 1 0 0 1 0 0 0.752
0 0 1 1 0 1 0 0 0 0 1 1.188
1 0 1 1 1 1 0 0 0 0 1 1.298
1 0 1 0 1 1 0 0 0 0 1 0.612
1 1 1 1 1 1 0 0 0 0 1 0.799
0 1 0 1 1 1 0 0 0 0 0 1.235
1 0 0 0 0 1 0 0 0 0 0 1.266
1 0 0 0 0 1 0 0 1 0 0 0.892
0 0 1 0 0 1 0 0 0 0 1 1.547
1 0 0 0 0 1 1 0 0 0 0 1.204
1 1 0 0 0 1 1 0 0 0 0 1.095
0 0 1 0 0 1 0 0 1 0 1 0.783
0 0 1 0 0 1 1 0 0 0 1 0.815
1 1 1 0 0 1 0 0 1 0 1 0.861
1 0 1 1 0 1 1 0 0 0 1 0.768
1 0 0 1 1 1 0 0 0 0 0 1.111
0 1 0 1 0 1 0 0 1 0 0 1.345
0 1 0 0 0 1 0 0 1 0 0 0.954
1 1 0 1 0 1 1 0 0 0 0 1.064
1 0 0 1 0 1 0 0 1 0 0 0.721
0 0 1 1 1 1 0 0 0 0 1 1.064
0 0 1 0 1 1 0 0 0 0 1 1.377
0 1 0 0 0 1 0 0 0 0 0 0.814
0 1 0 0 1 1 0 0 0 0 0 0.689
1 1 0 1 0 1 1 0 0 0 0 0.736
1 0 0 0 0 1 0 0 0 0 0 0.798
1 1 1 1 0 1 0 0 1 0 1 1.875
0 0 1 0 0 1 0 0 0 0 1 1.096
1 0 0 0 0 1 0 0 1 0 0 1.142
1 1 1 1 1 1 0 0 0 0 1 0.877
1 1 1 0 0 1 1 0 0 0 1 1.064
0 1 0 1 0 1 0 0 1 0 0 0.752
0 0 1 1 0 1 0 0 1 0 1 1.283
0 0 1 0 0 1 0 0 1 0 1 1.064
1 0 0 1 1 1 0 0 0 0 0 0.861
0 1 0 1 1 1 0 0 0 0 0 0.955
1 0 0 1 0 1 1 0 0 0 0 1.205
1 0 0 0 1 1 0 0 0 0 0 1.22
0 1 0 0 0 1 0 0 1 0 0 1.61
1 1 1 1 0 1 0 0 0 0 1 0.752
0 0 1 1 0 1 0 0 0 0 1 1.064
0 1 1 0 1 1 0 0 0 0 1 0.908
0 1 0 1 0 1 0 0 0 0 0 1.329
1 1 1 1 0 1 1 0 0 0 1 1.033
1 1 1 0 0 1 0 0 1 0 1 1.142
1 1 0 0 0 1 1 0 0 0 0 0.876
1 0 0 1 0 1 0 0 0 0 0 0.861
1 0 0 0 0 1 1 0 0 0 0 0.768
1 0 1 1 0 1 1 0 0 0 1 1.813
1 1 1 0 0 1 0 0 0 0 1 0.705
0 0 1 0 0 1 1 0 0 0 1 0.643
1 0 0 1 0 1 0 0 1 0 0 0.752
1 0 0 0 0 1 1 0 0 0 0 0.986
1 1 0 0 0 1 0 0 0 0 0 0.611
1 1 1 0 1 1 0 0 0 0 1 1.017
1 1 1 1 0 1 0 0 0 0 1 0.752
1 0 0 0 1 1 0 0 0 0 0 0.986
0 0 1 1 0 1 0 0 0 0 1 0.877
1 1 1 1 0 1 0 0 1 0 1 0.72
0 1 0 0 0 1 0 0 1 0 0 1.126
1 1 1 0 0 1 0 0 0 0 1 0.924
1 0 1 0 0 1 0 0 0 0 1 0.924
1 1 0 0 0 1 1 0 0 0 0 0.955
1 1 1 1 0 1 1 0 0 0 1 0.94
1 0 0 0 0 1 0 0 1 0 0 0.908
1 1 0 1 1 1 0 0 0 0 0 1.235
1 0 0 0 0 1 0 0 0 0 0 0.752
0 1 0 1 0 1 0 0 1 0 0 1.454
0 0 1 1 1 1 0 0 0 0 1 1.906
0 0 0 1 0 1 1 0 0 0 0 2.016
0 1 0 0 1 1 0 0 0 0 0 1.688
1 1 1 0 0 1 0 0 1 0 1 1.174
1 0 1 1 0 1 1 0 0 0 1 1.688
1 1 1 0 0 1 1 0 0 0 1 1.111
1 1 1 1 1 1 0 0 0 0 1 1.142
1 0 0 1 0 1 0 0 0 0 0 0.986
0 0 1 0 0 1 0 0 1 0 1 0.877
1 1 0 1 0 1 0 0 0 0 0 1.158
1 1 0 1 0 1 1 0 0 0 0 1.002
1 0 0 1 1 1 0 0 0 0 0 1.096
0 0 1 1 0 1 0 0 1 0 1 0.97
1 0 1 0 1 1 0 0 0 0 1 1.376
1 0 1 0 0 1 1 0 0 0 1 1.127
1 1 1 0 1 1 0 0 0 0 1 1.329
1 0 0 0 0 1 0 0 1 0 0 0.767
1 1 1 0 0 1 0 0 0 0 1 0.798
0 1 0 0 0 1 0 0 1 0 0 1.095
1 0 0 1 0 1 1 0 0 0 0 1.672
1 0 1 1 1 1 0 0 0 0 1 1.641
0 0 1 0 1 1 0 0 0 0 1 2.328
1 0 1 1 0 1 1 0 0 0 1 2.64
1 1 0 0 0 1 1 0 0 0 0 1.158
1 1 1 1 0 1 0 0 0 0 1 0.768
1 1 1 0 0 1 1 0 0 0 1 1.33
1 1 1 1 0 1 1 0 0 0 1 1.095
0 1 0 0 0 1 0 0 0 0 0 1.158
1 0 0 0 1 1 0 0 0 0 0 1.501
1 1 1 1 0 1 0 0 1 0 1 0.69
0 0 1 1 0 1 0 0 0 0 1 1.329
0 1 0 1 0 1 0 0 0 0 0 1.157
1 1 0 1 0 1 1 0 0 0 0 0.752
1 1 0 1 1 1 0 0 0 0 0 1.049
1 1 1 1 1 1 0 0 0 0 1 0.783
1 0 0 1 0 1 0 0 1 0 0 1.345
1 0 1 0 0 1 0 0 0 0 1 0.799
0 0 1 0 0 1 0 0 1 0 1 1.064
1 1 0 0 1 1 0 0 0 0 0 0.986
1 0 0 0 0 1 1 0 0 0 0 0.658
1 1 1 0 0 1 0 0 1 0 1 0.784
0 1 0 1 0 1 0 0 1 0 0 1.095
0 0 1 1 0 1 0 0 1 0 1 0.954
1 0 0 1 0 1 0 0 0 0 0 0.939
1 0 1 0 0 1 1 0 0 0 1 0.986
1 0 0 1 1 1 0 0 0 0 0 0.939
1 0 0 0 0 1 0 0 0 0 0 0.893
0 1 0 0 1 1 0 0 0 0 0 0.846
1 0 0 0 0 1 1 0 0 0 0 0.861
1 0 0 1 1 1 0 0 0 0 0 0.799
1 0 0 1 0 1 0 0 0 0 0 1.236
1 0 0 1 0 1 1 0 0 0 0 1.251
1 0 0 0 0 1 0 0 0 0 0 0.799
0 1 0 1 0 1 0 0 0 0 0 1.033
1 1 1 1 0 1 0 0 1 0 1 0.799
1 1 1 0 1 1 0 0 0 0 1 1.205
1 0 0 1 0 1 0 0 1 0 0 1.407
1 1 0 1 0 1 1 0 0 0 0 1.048
0 0 1 0 1 1 0 0 0 0 1 1.204
1 0 1 1 0 1 1 0 0 0 1 0.955
1 0 1 1 0 1 0 0 0 0 1 0.659
0 1 0 0 0 1 0 0 1 0 0 1.142
0 0 1 0 0 1 0 0 0 0 1 1.47
0 0 1 1 0 1 0 0 1 0 1 0.986
1 0 0 0 0 1 0 0 1 0 0 0.862
0 1 0 0 0 1 0 0 0 0 0 1.111
1 1 1 0 0 1 1 0 0 0 1 0.893
1 1 1 1 1 1 0 0 0 0 1 0.783
0 0 1 0 0 1 0 0 1 0 1 1.11
0 1 0 1 1 1 0 0 0 0 0 1.376
1 0 1 0 0 1 1 0 0 0 1 1.188
1 1 1 0 0 1 0 0 0 0 1 0.689
0 1 0 1 0 1 0 0 1 0 0 0.955
1 1 1 1 0 1 1 0 0 0 1 1.095
0 0 1 1 1 1 0 0 0 0 1 0.83
1 1 1 0 0 1 0 0 1 0 1 0.783
1 0 0 0 1 1 0 0 0 0 0 1.266
1 1 0 0 0 1 1 0 0 0 0 1.033
1 1 1 1 0 1 0 0 0 0 1 0.596
0 0 1 0 0 1 0 0 1 0 1 0.862
1 1 1 1 1 1 0 0 0 0 1 0.955
0 1 0 1 0 1 0 0 1 0 0 1.017
1 0 0 1 0 1 0 0 1 0 0 1.204
0 0 1 1 1 1 0 0 0 0 1 1.22
0 1 0 1 0 1 1 0 0 0 0 1.188
1 0 0 0 0 1 0 0 0 0 0 1.282
1 0 0 1 0 1 0 0 0 0 0 1.126
1 1 1 0 0 1 1 0 0 0 1 0.784
0 1 0 0 1 1 0 0 0 0 0 1.126
0 0 1 0 0 1 0 0 0 0 1 1.142
1 1 0 0 0 1 0 0 0 0 0 0.768
1 1 1 1 0 1 0 0 0 0 1 0.971
1 0 0 1 0 1 1 0 0 0 0 0.736
0 1 0 0 0 1 0 0 1 0 0 0.986
1 1 1 0 0 1 0 0 1 0 1 0.986
1 0 0 0 0 1 1 0 0 0 0 0.768
1 1 1 0 1 1 0 0 0 0 1 1.017
0 0 1 1 0 1 0 0 1 0 1 1.079
1 1 1 0 0 1 0 0 0 0 1 0.767
1 0 0 0 1 1 0 0 0 0 0 1.485
1 1 1 1 0 1 0 0 1 0 1 0.674
0 0 1 1 0 1 1 0 0 0 1 0.986
0 1 0 1 1 1 0 0 0 0 0 1.329
0 0 1 1 0 1 0 0 0 0 1 1.906
1 1 0 0 0 1 1 0 0 0 0 1.142
1 0 1 0 1 1 0 0 0 0 1 0.767
1 1 1 1 0 1 1 0 0 0 1 0.986
1 0 0 0 0 1 0 0 1 0 0 0.939
1 0 0 1 1 1 0 0 0 0 0 1.236
1 1 0 1 0 1 0 0 0 0 0 1.907
1 0 1 0 0 1 1 0 0 0 1 0.799
1 0 0 1 0 1 1 0 0 0 0 1.22
0 0 1 1 1 1 0 0 0 0 1 0.83
1 1 0 1 0 1 1 0 0 0 0 0.924
0 1 0 0 0 1 0 0 1 0 0 0.799
0 0 1 0 0 1 0 0 1 0 1 0.784
1 0 0 0 0 1 0 0 0 0 0 0.986
1 1 0 1 1 1 0 0 0 0 0 1.08
0 0 1 1 0 1 0 0 1 0 1 0.815
0 0 1 0 0 1 0 0 0 0 1 0.721
1 0 0 0 0 1 0 0 1 0 0 0.674
1 1 1 1 0 1 0 0 1 0 1 0.923
1 1 1 0 0 1 0 0 0 0 1 0.627
1 1 1 0 0 1 1 0 0 0 1 0.862
0 1 0 1 0 1 0 0 1 0 0 2.218
1 1 0 0 0 1 1 0 0 0 0 0.83
0 1 0 0 1 1 0 0 0 0 0 1.267
0 0 0 0 1 1 0 0 0 0 0 0.924
0 0 0 1 0 1 0 0 1 0 0 0.144
1 1 1 0 1 1 0 0 0 0 1 0.845
0 0 1 1 0 1 0 0 0 0 1 0.798
1 0 1 1 0 1 1 0 0 0 1 0.752
0 1 0 0 0 1 0 0 0 0 0 1.485
1 0 1 0 1 1 0 0 0 0 1 1.423
1 1 1 1 0 1 1 0 0 0 1 1.267
1 1 1 1 0 1 0 0 0 0 1 1.08
0 0 1 0 0 1 1 0 0 0 1 1.236
1 1 1 0 0 1 0 0 1 0 1 1.673
1 0 0 1 1 1 0 0 0 0 0 1.345
1 1 1 1 1 1 0 0 0 0 1 1.423
1 0 0 1 0 1 0 0 0 0 0 0.877
1 0 0 0 0 1 1 0 0 0 0 1.298
0 1 0 1 0 1 0 0 0 0 0 0.877
