1 0 0 1 0 1 0 0 1 0 0 0.986
1 1 1 1 0 1 1 0 0 0 1 1.5
1 0 0 1 0 1 0 0 0 0 0 0.892
1 1 0 1 1 1 0 0 0 0 0 1.75
0 0 1 1 0 1 1 0 0 0 1 0.877
1 1 1 1 0 1 0 0 1 0 1 0.892
0 0 1 0 0 1 1 0 0 0 1 1.985
1 1 1 1 0 1 0 0 0 0 1 1.095
0 1 0 0 1 1 0 0 0 0 0 1.001
0 1 0 1 0 1 0 0 1 0 0 1.111
0 0 1 0 1 1 0 0 0 0 1 1.127
0 0 0 1 0 1 1 0 0 0 0 1.766
0 1 0 0 0 1 0 0 0 0 0 0.862
0 0 0 0 1 1 0 0 0 0 0 1.064
0 1 0 0 0 1 0 0 1 0 0 0.877
0 0 1 1 0 1 0 0 0 0 1 0.954
1 0 0 0 0 1 0 0 1 0 0 2.327
0 1 1 0 1 1 0 0 0 0 1 1.267
0 1 0 1 0 1 1 0 0 0 0 2.187
1 1 1 0 0 1 1 0 0 0 1 2.28
0 0 1 1 1 1 0 0 0 0 1 1.766
1 1 1 0 0 1 0 0 1 0 1 1.392
1 0 0 0 0 1 0 0 0 0 0 0.737
1 0 0 0 0 1 1 0 0 0 0 0.892
0 0 1 1 0 1 0 0 1 0 1 0.861
0 1 0 1 0 1 0 0 0 0 0 1.002
0 0 1 0 0 1 0 0 0 0 1 0.674
0 1 0 0 0 1 1 0 0 0 0 0.955
1 1 1 0 0 1 0 0 0 0 1 1.048
0 0 1 0 0 1 0 0 1 0 1 1.158
0 0 0 1 1 1 0 0 0 0 0 1.969
1 1 1 1 1 1 0 0 0 0 1 3.139
0 1 0 0 1 1 0 0 0 0 0 0.955
1 1 1 0 0 1 0 0 1 0 1 0.908
1 0 0 1 0 1 0 0 0 0 0 1.968
0 0 1 1 0 1 0 0 1 0 1 0.736
0 1 0 0 0 1 1 0 0 0 0 0.861
1 0 0 1 0 1 0 0 1 0 0 0.627
0 0 0 1 0 1 1 0 0 0 0 1.547
0 1 1 0 0 1 1 0 0 0 1 1.314
0 0 0 1 1 1 0 0 0 0 0 0.955
0 1 1 0 1 1 0 0 0 0 1 2.078
1 1 1 0 0 1 0 0 0 0 1 1.001
0 0 1 0 0 1 0 0 1 0 1 1.142
0 1 0 1 0 1 0 0 1 0 0 0.83
1 1 0 1 0 1 1 0 0 0 0 1.095
1 0 0 0 0 1 0 0 0 0 0 0.815
1 1 1 1 0 1 0 0 1 0 1 0.736
0 1 0 1 0 1 0 0 0 0 0 0.815
0 0 0 0 1 1 0 0 0 0 0 0.892
0 1 1 1 1 1 0 0 0 0 1 1.751
0 1 0 0 0 1 0 0 0 0 0 1.501
1 1 1 1 0 1 1 0 0 0 1 1.096
0 1 0 1 1 1 0 0 0 0 0 0.908
0 0 1 0 1 1 0 0 0 0 1 0.784
1 0 0 0 0 1 0 0 1 0 0 0.799
0 0 1 1 0 1 0 0 0 0 1 0.986
0 0 1 1 1 1 0 0 0 0 1 1.672
0 0 1 0 0 1 1 0 0 0 1 1.439
1 1 1 1 0 1 0 0 0 0 1 0.908
0 0 1 0 0 1 0 0 0 0 1 0.845
0 1 0 0 0 1 0 0 1 0 0 0.845
1 0 0 0 0 1 1 0 0 0 0 3.092
0 0 1 1 0 1 1 0 0 0 1 1.704
1 0 0 1 0 1 0 0 1 0 0 1.875
0 1 0 0 0 1 0 0 0 0 0 1.61
1 1 1 1 0 1 0 0 0 0 1 1.392
1 1 1 1 1 1 0 0 0 0 1 0.877
1 1 1 0 0 1 0 0 0 0 1 0.596
0 1 0 1 0 1 0 0 0 0 0 0.892
0 1 0 1 0 1 1 0 0 0 0 1.626
1 1 1 1 0 1 0 0 1 0 1 1.438
0 1 0 0 1 1 0 0 0 0 0 1.158
0 0 1 0 0 1 0 0 1 0 1 0.861
0 1 1 0 1 1 0 0 0 0 1 1.672
0 0 1 0 1 1 0 0 0 0 1 1.282
0 0 0 0 0 1 1 0 0 0 0 0.923
0 0 1 1 1 1 0 0 0 0 1 1.61
1 0 0 1 0 1 0 0 0 0 0 0.783
0 1 0 1 1 1 0 0 0 0 0 1.204
0 1 1 1 0 1 1 0 0 0 1 0.986
0 0 1 1 0 1 0 0 0 0 1 0.939
0 1 0 0 0 1 0 0 1 0 0 1.064
1 0 0 0 0 1 0 0 0 0 0 0.752
0 0 1 0 0 1 0 0 0 0 1 0.986
0 0 0 1 1 1 0 0 0 0 0 1.157
1 0 0 0 0 1 0 0 1 0 0 0.954
0 1 0 1 0 1 0 0 1 0 0 0.924
0 0 1 1 0 1 1 0 0 0 1 1.891
0 0 1 1 0 1 0 0 1 0 1 0.83
0 0 0 1 0 1 1 0 0 0 0 1.251
0 0 1 0 0 1 1 0 0 0 1 1.438
1 1 1 0 0 1 0 0 1 0 1 0.846
0 0 0 0 1 1 0 0 0 0 0 0.986
0 1 1 0 0 1 1 0 0 0 1 1.438
0 1 0 0 0 1 1 0 0 0 0 2.218
1 1 1 1 0 1 0 0 1 0 1 0.799
1 1 1 1 0 1 0 0 0 0 1 0.845
0 1 0 0 1 1 0 0 0 0 0 0.783
1 1 1 1 0 1 1 0 0 0 1 1.017
0 0 1 1 0 1 1 0 0 0 1 1.048
1 0 0 0 0 1 1 0 0 0 0 2.374
0 1 0 1 0 1 0 0 0 0 0 1.578
0 1 0 1 0 1 1 0 0 0 0 2.515
1 0 0 1 0 1 0 0 0 0 0 0.814
0 0 0 1 1 1 0 0 0 0 0 1.345
0 0 0 1 0 1 1 0 0 0 0 2.015
0 0 1 1 1 1 0 0 0 0 1 2.187
0 1 0 1 0 1 0 0 1 0 0 0.923
0 1 0 1 1 1 0 0 0 0 0 1.204
0 0 0 0 1 1 0 0 0 0 0 0.97
1 0 0 1 0 1 0 0 1 0 0 1.174
0 1 1 0 1 1 0 0 0 0 1 1.875
0 1 0 0 0 1 1 0 0 0 0 2.826
0 1 1 0 0 1 1 0 0 0 1 2.717
0 0 1 0 0 1 1 0 0 0 1 2.343
0 0 1 0 0 1 0 0 1 0 1 0.784
0 1 0 0 0 1 0 0 1 0 0 0.674
1 1 1 1 1 1 0 0 0 0 1 0.83
0 0 1 1 0 1 0 0 1 0 1 0.752
0 0 1 1 0 1 0 0 0 0 1 0.737
1 1 1 0 0 1 0 0 0 0 1 0.83
1 0 0 0 0 1 0 0 1 0 0 0.893
1 1 1 0 0 1 0 0 1 0 1 0.924
0 0 1 0 0 1 0 0 0 0 1 0.565
0 1 0 0 0 1 0 0 0 0 0 1.111
1 0 0 0 0 1 0 0 0 0 0 0.627
0 0 1 0 1 1 0 0 0 0 1 1.36
0 0 0 0 1 1 0 0 0 0 0 1.204
0 1 0 0 0 1 0 0 0 0 0 2.11
0 1 0 1 0 1 1 0 0 0 0 3.108
0 0 1 1 1 1 0 0 0 0 1 2.593
1 1 0 0 0 1 1 0 0 0 0 2.936
0 1 0 0 0 1 0 0 1 0 0 0.83
1 0 0 0 0 1 0 0 0 0 0 1.188
0 0 0 1 1 1 0 0 0 0 0 2.858
0 0 1 1 0 1 0 0 0 0 1 1.766
0 1 1 1 1 1 0 0 0 0 1 1.283
0 0 1 0 0 1 0 0 0 0 1 1.454
0 0 1 0 0 1 0 0 1 0 1 0.706
1 0 0 1 0 1 0 0 1 0 0 0.799
0 0 1 0 0 1 1 0 0 0 1 1.017
0 0 1 1 0 1 0 0 1 0 1 1.235
0 1 0 1 1 1 0 0 0 0 0 0.814
1 1 1 1 0 1 1 0 0 0 1 0.72
0 0 1 1 0 1 1 0 0 0 1 0.689
1 0 0 1 0 1 0 0 0 0 0 0.721
0 1 1 0 0 1 1 0 0 0 1 1.033
1 0 0 0 0 1 0 0 1 0 0 0.752
1 1 1 0 0 1 0 0 1 0 1 0.876
1 1 1 0 0 1 0 0 0 0 1 0.533
1 0 0 0 0 1 1 0 0 0 0 0.736
1 1 1 1 0 1 0 0 0 0 1 0.658
1 1 1 0 1 1 0 0 0 0 1 2.484
0 1 0 0 1 1 0 0 0 0 0 1.189
0 0 0 1 0 1 1 0 0 0 0 1.844
0 1 0 1 0 1 0 0 0 0 0 1.079
0 1 0 1 0 1 0 0 1 0 0 0.627
0 0 1 0 1 1 0 0 0 0 1 0.846
1 1 1 1 0 1 0 0 1 0 1 1.032
0 1 0 0 1 1 0 0 0 0 0 1.204
1 1 1 0 0 1 0 0 0 0 1 1.236
1 0 0 1 0 1 0 0 0 0 0 0.69
0 0 1 1 0 1 1 0 0 0 1 1.298
1 0 0 0 0 1 0 0 0 0 0 0.689
0 0 0 1 1 1 0 0 0 0 0 1.937
0 1 0 1 0 1 0 0 0 0 0 0.877
0 1 0 1 1 1 0 0 0 0 0 1.033
0 1 0 1 0 1 1 0 0 0 0 1.329
0 0 0 0 0 1 1 0 0 0 0 2.187
1 0 0 1 0 1 0 0 1 0 0 0.971
0 0 1 1 0 1 0 0 0 0 1 0.971
1 1 0 1 0 1 0 0 1 0 0 2.827
0 0 1 0 1 1 0 0 0 0 1 1.922
1 0 0 0 0 1 0 0 1 0 0 0.861
0 1 1 0 1 1 0 0 0 0 1 0.924
1 0 0 0 1 1 0 0 0 0 0 1.064
1 0 0 1 0 1 1 0 0 0 0 2.967
1 1 0 0 0 1 1 0 0 0 0 1.283
1 1 1 1 1 1 0 0 0 0 1 1.735
0 1 0 0 0 1 0 0 0 0 0 0.799
0 0 1 0 0 1 0 0 0 0 1 1.595
0 1 0 0 0 1 0 0 1 0 0 1.033
0 0 1 1 1 1 0 0 0 0 1 1.079
1 1 1 0 0 1 0 0 1 0 1 0.924
1 1 1 1 0 1 1 0 0 0 1 2.468
0 0 1 0 0 1 0 0 1 0 1 0.924
1 1 1 1 0 1 0 0 0 0 1 1.002
0 0 1 1 0 1 0 0 1 0 1 0.783
1 0 1 0 0 1 1 0 0 0 1 3.123
1 1 1 1 0 1 0 0 1 0 1 0.83
1 1 1 0 0 1 1 0 0 0 1 1.22
1 0 0 1 0 1 0 0 1 0 0 0.986
0 0 1 0 1 1 0 0 0 0 1 0.705
0 0 1 1 0 1 1 0 0 0 1 1.985
1 1 1 0 0 1 0 0 1 0 1 1.672
0 1 1 0 1 1 0 0 0 0 1 2.53
0 0 0 0 1 1 0 0 0 0 0 0.908
1 1 1 1 0 1 0 0 0 0 1 1.142
0 1 0 0 0 1 0 0 0 0 0 0.752
0 0 1 1 0 1 0 0 1 0 1 0.877
0 1 0 1 1 1 0 0 0 0 0 1.595
0 1 0 0 0 1 0 0 1 0 0 0.783
1 0 0 0 0 1 1 0 0 0 0 2.156
1 1 1 0 0 1 0 0 0 0 1 0.783
1 0 0 1 0 1 1 0 0 0 0 2.468
1 0 0 0 0 1 0 0 1 0 0 1.392
1 1 1 1 0 1 0 0 1 0 1 0.752
1 1 1 1 0 1 1 0 0 0 1 0.955
0 1 0 1 0 1 1 0 0 0 0 2.468
0 0 1 1 0 1 0 0 0 0 1 0.643
0 1 0 1 0 1 0 0 1 0 0 0.659
1 1 0 0 0 1 1 0 0 0 0 1.797
1 1 1 0 0 1 1 0 0 0 1 0.814
1 0 0 1 0 1 0 0 0 0 0 2.562
1 0 1 0 0 1 1 0 0 0 1 2.328
0 0 1 0 0 1 0 0 0 0 1 0.659
0 1 1 1 1 1 0 0 0 0 1 2.375
0 1 0 0 1 1 0 0 0 0 0 1.626
1 0 0 0 0 1 0 0 0 0 0 0.908
1 0 1 1 1 1 0 0 0 0 1 2.64
0 0 0 1 1 1 0 0 0 0 0 1.158
0 1 0 1 0 1 0 0 0 0 0 1.641
0 0 1 0 0 1 0 0 1 0 1 1.422
0 1 0 0 1 1 0 0 0 0 0 2.062
1 0 0 0 0 1 0 0 0 0 0 1.064
0 1 0 1 1 1 0 0 0 0 0 2.031
1 0 0 0 0 1 0 0 1 0 0 0.767
1 1 1 1 1 1 0 0 0 0 1 1.89
1 0 0 1 0 1 0 0 1 0 0 1.345
0 0 1 0 0 1 0 0 0 0 1 2.905
1 0 0 1 0 1 0 0 0 0 0 0.752
1 1 1 0 0 1 0 0 0 0 1 0.861
1 1 1 1 0 1 0 0 1 0 1 1.049
0 1 0 1 0 1 0 0 1 0 0 0.892
0 0 1 0 1 1 0 0 0 0 1 1.142
1 1 1 1 0 1 1 0 0 0 1 0.752
1 1 1 1 0 1 0 0 0 0 1 0.752
0 0 1 1 0 1 0 0 0 0 1 0.564
1 0 0 1 1 1 0 0 0 0 0 2.53
0 1 0 0 0 1 0 0 0 0 0 0.689
0 1 0 0 0 1 0 0 1 0 0 0.861
1 0 1 0 0 1 1 0 0 0 1 0.97
1 1 1 0 0 1 0 0 1 0 1 0.783
0 0 0 0 1 1 0 0 0 0 0 0.877
0 0 1 0 0 1 0 0 1 0 1 0.565
1 0 0 0 0 1 1 0 0 0 0 1.142
1 1 0 1 0 1 1 0 0 0 0 1.174
1 1 1 0 0 1 1 0 0 0 1 0.986
0 0 1 1 1 1 0 0 0 0 1 1.236
1 0 1 1 0 1 1 0 0 0 1 1.829
0 1 1 0 1 1 0 0 0 0 1 1.251
0 1 0 1 0 1 0 0 0 0 0 2.249
0 0 1 1 0 1 0 0 1 0 1 0.689
0 1 0 0 0 1 1 0 0 0 0 1.454
1 0 0 1 0 1 1 0 0 0 0 3.014
1 0 0 0 0 1 0 0 1 0 0 1.11
0 1 0 1 1 1 0 0 0 0 0 0.923
0 0 1 0 1 1 0 0 0 0 1 0.658
1 1 1 0 0 1 0 0 0 0 1 0.689
0 0 0 1 1 1 0 0 0 0 0 1.344
1 0 0 1 0 1 0 0 1 0 0 1.828
1 1 0 0 0 1 1 0 0 0 0 1.485
1 0 0 1 0 1 1 0 0 0 0 2.312
1 0 0 0 0 1 1 0 0 0 0 1.204
1 1 1 1 0 1 0 0 0 0 1 0.83
0 1 1 1 1 1 0 0 0 0 1 0.783
0 0 0 0 1 1 0 0 0 0 0 0.986
0 0 1 1 0 1 0 0 0 0 1 0.861
1 0 0 1 0 1 0 0 0 0 0 1.017
0 0 1 1 0 1 0 0 1 0 1 0.737
1 1 1 0 1 1 0 0 0 0 1 0.908
1 1 1 0 0 1 0 0 1 0 1 1.252
0 0 1 0 0 1 0 0 1 0 1 1.064
0 1 0 1 0 1 0 0 0 0 0 2.328
0 1 0 0 0 1 0 0 1 0 0 0.846
0 1 1 0 0 1 1 0 0 0 1 0.83
0 0 1 1 1 1 0 0 0 0 1 0.658
0 1 0 0 1 1 0 0 0 0 0 0.767
1 1 1 1 0 1 1 0 0 0 1 1.61
0 0 1 0 0 1 0 0 0 0 1 0.658
1 1 0 1 0 1 1 0 0 0 0 2.203
0 0 1 1 0 1 1 0 0 0 1 2.109
1 0 0 0 0 1 0 0 0 0 0 0.783
1 0 1 0 0 1 1 0 0 0 1 1.283
1 1 1 1 0 1 0 0 1 0 1 0.721
0 1 0 0 0 1 0 0 0 0 0 0.643
0 1 0 1 0 1 0 0 1 0 0 0.69
0 1 0 0 0 1 0 0 0 0 0 0.83
1 0 0 1 0 1 1 0 0 0 0 1.157
1 1 0 1 0 1 1 0 0 0 0 0.861
0 1 0 0 1 1 0 0 0 0 0 0.565
0 0 0 1 1 1 0 0 0 0 0 1.251
1 1 1 0 0 1 0 0 1 0 1 0.721
0 1 0 1 1 1 0 0 0 0 0 0.643
1 0 1 1 1 1 0 0 0 0 1 0.752
1 0 0 0 0 1 0 0 0 0 0 1.157
0 0 0 0 1 1 0 0 0 0 0 0.861
1 0 0 1 0 1 0 0 0 0 0 1.174
0 1 0 1 0 1 0 0 0 0 0 0.627
0 0 1 1 0 1 0 0 1 0 1 0.611
1 1 1 1 0 1 0 0 1 0 1 1.579
1 1 1 0 0 1 0 0 0 0 1 0.658
1 1 1 1 0 1 1 0 0 0 1 0.83
1 1 1 1 0 1 0 0 0 0 1 0.689
0 0 1 0 0 1 0 0 1 0 1 0.643
0 1 0 1 0 1 0 0 1 0 0 0.721
0 0 1 0 1 1 0 0 0 0 1 0.737
1 0 0 0 0 1 0 0 1 0 0 0.627
0 0 1 1 0 1 0 0 0 0 1 0.798
0 1 1 1 1 1 0 0 0 0 1 1.454
0 1 1 0 1 1 0 0 0 0 1 1.173
1 1 0 0 0 1 1 0 0 0 0 1.61
0 1 0 0 0 1 0 0 1 0 0 0.783
0 0 1 0 0 1 0 0 0 0 1 0.892
1 0 1 1 0 1 1 0 0 0 1 1.672
1 1 1 0 0 1 1 0 0 0 1 1.329
1 0 0 1 0 1 0 0 1 0 0 0.814
0 0 0 0 0 1 1 0 0 0 0 0.893
1 0 1 0 0 1 1 0 0 0 1 1.329
