0 0 0 0 0 1 0 0 1 0 0 2.14
1 1 1 0 0 1 0 0 1 0 1 0.986
0 0 0 0 0 1 1 0 0 0 0 0.83
0 0 1 0 0 1 0 0 1 0 1 1.5
0 0 1 1 1 1 0 0 0 0 1 1.173
0 0 1 1 0 1 0 0 1 0 1 0.908
0 1 0 0 0 1 1 0 0 0 0 1.001
1 0 1 0 0 1 1 0 0 0 1 1.205
1 1 1 1 1 1 0 0 0 0 1 1.953
0 0 1 1 0 1 0 0 0 0 1 1.267
0 0 0 1 0 1 1 0 0 0 0 1.032
0 1 0 1 1 1 0 0 0 0 0 0.923
0 1 0 1 0 1 0 0 0 0 0 0.861
1 1 1 1 0 1 0 0 1 0 1 0.971
1 0 0 0 0 1 0 0 0 0 0 1.657
1 1 1 1 0 1 1 0 0 0 1 1.564
1 1 0 1 0 1 1 0 0 0 0 0.986
0 0 1 0 0 1 0 0 0 0 1 2.406
1 1 1 0 0 1 0 0 0 0 1 2.047
1 1 0 0 0 1 0 0 0 0 0 0.908
1 0 0 1 0 1 0 0 0 0 0 1.61
0 1 0 0 0 1 0 0 1 0 0 1.048
1 0 0 1 1 1 0 0 0 0 0 1.345
0 1 0 0 1 1 0 0 0 0 0 2.359
1 0 1 1 0 1 1 0 0 0 1 2.515
1 1 1 0 1 1 0 0 0 0 1 1.454
1 0 0 1 0 1 0 0 1 0 0 2.827
0 0 0 0 1 1 0 0 0 0 0 1.922
0 1 0 1 0 1 0 0 1 0 0 1.142
1 1 1 1 0 1 0 0 0 0 1 1.501
0 0 1 0 1 1 0 0 0 0 1 0.845
1 1 1 0 0 1 1 0 0 0 1 1.532
1 1 1 0 0 1 0 0 1 0 1 2.577
1 0 0 1 1 1 0 0 0 0 0 0.986
1 0 0 1 0 1 1 0 0 0 0 2.904
0 1 0 1 1 1 0 0 0 0 0 1.423
0 0 0 0 0 1 0 0 0 0 0 0.876
1 1 0 0 0 1 1 0 0 0 0 1.719
1 0 1 0 0 1 1 0 0 0 1 2.156
1 0 0 0 0 1 1 0 0 0 0 2.327
1 1 1 1 1 1 0 0 0 0 1 1.922
0 0 1 1 0 1 0 0 1 0 1 1.625
1 1 1 1 0 1 0 0 1 0 1 1.766
1 1 1 0 0 1 1 0 0 0 1 2.546
0 0 1 1 0 1 0 0 0 0 1 0.955
0 0 1 0 0 1 0 0 0 0 1 1.017
0 1 0 1 0 1 0 0 0 0 0 1.501
1 1 1 1 0 1 1 0 0 0 1 2.655
1 0 0 1 0 1 0 0 1 0 0 2.437
1 0 0 1 0 1 0 0 0 0 0 0.908
0 1 0 1 0 1 0 0 1 0 0 0.752
1 0 0 0 1 1 0 0 0 0 0 1.142
1 1 1 0 0 1 0 0 0 0 1 0.939
1 0 1 1 0 1 1 0 0 0 1 1.579
1 0 0 0 0 1 0 0 1 0 0 0.767
0 1 0 0 1 1 0 0 0 0 0 1.017
0 0 1 0 0 1 0 0 1 0 1 1.329
0 0 1 0 1 1 0 0 0 0 1 2.328
0 1 0 0 0 1 0 0 0 0 0 1.267
1 1 1 0 1 1 0 0 0 0 1 2.998
0 1 1 1 0 1 0 0 0 0 1 2.328
1 1 0 1 0 1 1 0 0 0 0 2.905
0 1 0 0 0 1 0 0 1 0 0 0.814
0 0 1 1 1 1 0 0 0 0 1 0.846
1 1 1 1 0 1 0 0 1 0 1 1.454
1 0 0 0 0 1 0 0 1 0 0 0.799
1 1 1 1 1 1 0 0 0 0 1 2.608
0 1 1 0 0 1 0 0 0 0 1 1.703
1 1 1 1 0 1 1 0 0 0 1 1.391
1 1 1 0 0 1 0 0 1 0 1 0.97
1 0 0 1 0 1 1 0 0 0 0 1.688
0 1 0 1 0 1 0 0 0 0 0 0.658
0 0 1 0 0 1 0 0 1 0 1 2.078
1 0 0 0 0 1 0 0 0 0 0 0.908
1 1 1 0 1 1 0 0 0 0 1 2
1 1 1 1 0 1 0 0 0 0 1 1.391
1 1 1 0 0 1 1 0 0 0 1 1.485
0 1 0 0 0 1 0 0 0 0 0 1.361
0 0 0 0 1 1 0 0 0 0 0 2.094
1 0 0 1 0 1 0 0 1 0 0 0.83
0 0 1 0 0 1 1 0 0 0 1 1.579
0 0 1 0 0 1 0 0 0 0 1 1.704
0 1 0 1 0 1 1 0 0 0 0 1.766
0 1 0 1 0 1 0 0 1 0 0 0.767
0 0 1 1 1 1 0 0 0 0 1 1.641
0 0 1 0 1 1 0 0 0 0 1 1.501
1 0 0 1 0 1 0 0 0 0 0 1.282
0 1 0 0 0 1 1 0 0 0 0 1.126
1 0 0 0 0 1 1 0 0 0 0 1.516
1 1 0 0 1 1 0 0 0 0 0 1.283
0 0 1 1 0 1 0 0 1 0 1 2.094
0 0 1 1 0 1 1 0 0 0 1 2.265
0 1 0 0 0 1 0 0 1 0 0 1.173
0 1 0 1 1 1 0 0 0 0 0 1.564
0 0 1 1 0 1 0 0 0 0 1 1.47
1 0 0 1 1 1 0 0 0 0 0 2.624
0 1 0 1 0 1 1 0 0 0 0 1.751
1 1 1 0 0 1 0 0 1 0 1 0.986
1 0 0 1 0 1 0 0 0 0 0 0.689
1 1 1 0 0 1 1 0 0 0 1 2.031
0 1 1 1 0 1 1 0 0 0 1 2.952
0 1 0 1 0 1 0 0 1 0 0 0.893
1 1 1 0 0 1 0 0 0 0 1 0.877
1 1 0 0 0 1 1 0 0 0 0 2
1 0 0 1 0 1 0 0 1 0 0 3.014
1 0 0 0 0 1 1 0 0 0 0 1.47
0 0 1 0 0 1 0 0 1 0 1 0.971
1 1 0 1 1 1 0 0 0 0 0 2.031
1 0 1 0 1 1 0 0 0 0 1 2.249
0 0 1 1 0 1 0 0 0 0 1 2.234
0 0 1 0 0 1 1 0 0 0 1 2.515
0 0 1 1 0 1 1 0 0 0 1 1.361
0 0 1 1 0 1 0 0 1 0 1 1.142
0 0 1 0 0 1 0 0 0 0 1 0.69
0 1 0 0 1 1 0 0 0 0 0 2.016
0 1 0 0 0 1 0 0 0 0 0 1.002
0 0 0 1 0 1 1 0 0 0 0 2.734
1 1 1 0 1 1 0 0 0 0 1 1.095
1 0 0 0 0 1 0 0 1 0 0 0.954
1 1 1 1 1 1 0 0 0 0 1 0.892
1 0 0 0 0 1 0 0 0 0 0 0.939
1 1 1 1 0 1 0 0 1 0 1 0.783
0 0 1 1 1 1 0 0 0 0 1 1.657
0 1 0 0 0 1 0 0 1 0 0 0.721
1 0 0 1 1 1 0 0 0 0 0 1.283
1 1 1 1 0 1 0 0 0 0 1 1.002
1 0 0 0 1 1 0 0 0 0 0 1.267
0 1 0 1 0 1 0 0 0 0 0 1.876
0 1 0 1 0 1 1 0 0 0 0 2.64
0 1 0 1 0 1 0 0 1 0 0 1.579
1 0 0 1 0 1 0 0 1 0 0 1.111
0 1 0 0 0 1 0 0 1 0 0 0.923
1 1 0 0 1 1 0 0 0 0 0 1.344
1 1 1 0 1 1 0 0 0 0 1 1.844
1 1 1 1 0 1 1 0 0 0 1 1.641
0 0 1 0 0 1 0 0 0 0 1 1.625
0 0 1 0 1 1 0 0 0 0 1 1.345
0 0 1 0 0 1 0 0 1 0 1 0.83
1 1 0 1 1 1 0 0 0 0 0 2.312
0 0 1 1 0 1 0 0 1 0 1 1.813
1 1 1 0 0 1 1 0 0 0 1 1.875
0 1 0 0 0 1 0 0 0 0 0 0.924
0 0 0 0 1 1 0 0 0 0 0 1.173
0 0 1 0 0 1 1 0 0 0 1 1.516
1 0 0 1 1 1 0 0 0 0 0 1.204
1 0 1 1 0 1 1 0 0 0 1 2.484
1 0 0 1 0 1 1 0 0 0 0 1.922
1 1 0 0 0 1 1 0 0 0 0 0.861
1 1 1 1 1 1 0 0 0 0 1 1.283
1 1 1 0 0 1 0 0 1 0 1 1.454
1 1 1 0 0 1 0 0 0 0 1 0.736
0 1 0 1 0 1 0 0 0 0 0 1.735
1 0 1 1 1 1 0 0 0 0 1 2.78
0 0 1 1 0 1 0 0 0 0 1 1.032
0 0 0 0 0 1 1 0 0 0 0 2.28
1 0 0 0 0 1 0 0 1 0 0 0.768
0 0 0 0 0 1 0 0 0 0 0 0.783
0 1 1 1 0 1 0 0 0 0 1 1.345
1 1 1 1 0 1 0 0 1 0 1 1.064
1 0 0 1 0 1 0 0 0 0 0 1.236
0 1 0 1 0 1 0 0 0 0 0 2.702
0 1 0 0 1 1 0 0 0 0 0 0.69
0 1 0 0 0 1 0 0 0 0 0 0.565
0 0 1 1 1 1 0 0 0 0 1 0.876
1 1 1 0 0 1 0 0 0 0 1 0.83
1 0 0 1 0 1 0 0 1 0 0 0.674
1 1 1 0 1 1 0 0 0 0 1 0.752
1 0 0 0 0 1 1 0 0 0 0 1.313
0 0 0 1 1 1 0 0 0 0 0 0.845
0 1 1 1 0 1 0 0 0 0 1 0.611
0 0 1 0 1 1 0 0 0 0 1 0.939
0 1 0 1 0 1 0 0 1 0 0 0.783
1 1 1 1 0 1 1 0 0 0 1 1.001
0 1 0 1 0 1 1 0 0 0 0 1.049
1 0 0 0 0 1 0 0 1 0 0 2.078
1 1 1 1 0 1 0 0 1 0 1 1.126
0 0 1 0 0 1 0 0 1 0 1 2.047
1 0 0 1 0 1 0 0 0 0 0 2.452
1 0 0 0 0 1 0 0 0 0 0 0.815
1 0 0 1 0 1 1 0 0 0 0 0.955
1 1 0 0 0 1 1 0 0 0 0 0.815
0 0 1 1 0 1 1 0 0 0 1 0.83
0 0 0 0 1 1 0 0 0 0 0 1.828
0 0 1 0 0 1 1 0 0 0 1 2.125
0 0 1 1 0 1 0 0 1 0 1 2.686
0 0 1 1 0 1 0 0 0 0 1 1.22
1 1 1 0 0 1 1 0 0 0 1 1.969
1 1 1 1 1 1 0 0 0 0 1 1.142
0 1 0 0 0 1 0 0 1 0 0 2.92
1 1 0 1 1 1 0 0 0 0 0 1.345
0 0 1 0 0 1 0 0 0 0 1 1.064
1 1 1 0 0 1 0 0 1 0 1 0.768
0 0 0 1 1 1 0 0 0 0 0 1.5
1 0 0 0 1 1 0 0 0 0 0 2.187
1 1 0 1 0 1 1 0 0 0 0 1.517
0 1 1 1 0 1 0 0 0 0 1 1.501
1 1 1 1 1 1 0 0 0 0 1 1.033
1 1 0 0 1 1 0 0 0 0 0 1.657
0 0 1 0 0 1 1 0 0 0 1 2.515
1 0 0 1 0 1 0 0 1 0 0 1.064
0 0 1 0 0 1 0 0 1 0 1 0.892
0 1 0 0 0 1 1 0 0 0 0 1.953
0 1 0 1 0 1 0 0 1 0 0 1.844
0 0 1 1 0 1 1 0 0 0 1 2.546
0 0 1 1 0 1 0 0 1 0 1 1.173
1 1 1 0 1 1 0 0 0 0 1 2.328
1 1 1 0 0 1 0 0 1 0 1 1.361
0 1 0 1 1 1 0 0 0 0 0 0.908
0 1 0 0 0 1 0 0 0 0 0 1.064
0 1 0 1 0 1 0 0 0 0 0 0.643
0 0 0 0 0 1 1 0 0 0 0 0.893
1 1 1 1 0 1 1 0 0 0 1 1.048
0 1 0 0 0 1 0 0 1 0 0 0.799
0 0 1 1 1 1 0 0 0 0 1 0.768
1 0 0 1 0 1 1 0 0 0 0 2.671
1 1 1 1 0 1 0 0 1 0 1 0.612
1 1 1 0 0 1 0 0 0 0 1 0.705
1 0 0 0 0 1 0 0 1 0 0 0.627
0 0 1 0 0 1 0 0 0 0 1 1.626
0 1 1 0 0 1 1 0 0 0 1 1.002
0 0 1 0 1 1 0 0 0 0 1 0.737
1 0 0 1 0 1 0 0 0 0 0 0.736
1 0 0 0 0 1 0 0 0 0 0 1.907
0 0 1 1 0 1 0 0 0 0 1 1.033
1 1 1 1 0 1 0 0 0 0 1 1.048
0 1 0 1 0 1 0 0 1 0 0 1.782
1 0 1 1 0 1 1 0 0 0 1 2
1 1 1 0 0 1 1 0 0 0 1 1.516
1 0 0 0 0 1 0 0 1 0 0 1.298
1 0 1 0 0 1 1 0 0 0 1 0.877
1 1 1 0 0 1 0 0 1 0 1 1.751
1 1 0 1 1 1 0 0 0 0 0 2.655
1 1 1 1 0 1 0 0 1 0 1 0.939
0 1 0 0 0 1 0 0 0 0 0 2.733
1 1 1 0 0 1 0 0 0 0 1 1.33
1 0 0 1 0 1 0 0 1 0 0 2.047
1 0 0 0 0 1 0 0 0 0 0 2.047
1 1 1 1 0 1 1 0 0 0 1 2.952
0 1 0 1 0 1 0 0 0 0 0 1.844
0 0 1 0 0 1 0 0 1 0 1 0.908
1 1 1 1 1 1 0 0 0 0 1 1.734
0 0 1 1 0 1 0 0 0 0 1 0.908
0 0 1 0 0 1 0 0 0 0 1 1.002
0 0 1 1 1 1 0 0 0 0 1 1.376
1 0 0 1 1 1 0 0 0 0 0 1.547
0 1 0 0 1 1 0 0 0 0 0 1.236
1 1 0 0 0 1 1 0 0 0 0 0.924
0 0 0 0 0 1 1 0 0 0 0 2.032
0 0 1 1 0 1 0 0 1 0 1 0.721
0 1 0 0 0 1 0 0 1 0 0 1.517
1 0 0 0 1 1 0 0 0 0 0 1.735
0 0 1 0 1 1 0 0 0 0 1 1.719
1 1 0 1 0 1 1 0 0 0 0 1.579
1 0 0 1 0 1 1 0 0 0 0 2.484
1 1 1 0 1 1 0 0 0 0 1 0.908
1 0 0 1 0 1 0 0 0 0 0 1.033
1 0 0 0 0 1 0 0 0 0 0 1.11
0 0 1 1 1 1 0 0 0 0 1 0.689
1 1 1 0 1 1 0 0 0 0 1 1.017
0 1 0 1 0 1 0 0 1 0 0 1.252
0 0 1 0 0 1 1 0 0 0 1 1.142
0 0 0 1 1 1 0 0 0 0 0 0.924
1 1 1 0 0 1 0 0 0 0 1 0.752
1 0 0 1 0 1 0 0 1 0 0 1.516
0 1 0 0 0 1 0 0 0 0 0 0.768
1 0 0 0 1 1 0 0 0 0 0 0.752
0 1 1 0 0 1 1 0 0 0 1 1.594
1 0 0 0 0 1 0 0 1 0 0 1.017
1 1 0 0 0 1 1 0 0 0 0 1.844
1 1 1 1 1 1 0 0 0 0 1 1.907
1 0 0 1 0 1 1 0 0 0 0 1.173
1 0 0 1 0 1 0 0 0 0 0 0.705
0 1 1 1 0 1 1 0 0 0 1 1.797
0 0 1 0 0 1 0 0 1 0 1 1.844
0 0 1 1 0 1 0 0 1 0 1 0.846
0 1 0 1 1 1 0 0 0 0 0 1.688
0 0 1 0 1 1 0 0 0 0 1 1.75
0 1 1 1 0 1 0 0 0 0 1 1.47
1 1 1 1 0 1 0 0 1 0 1 1.86
0 0 1 0 0 1 0 0 0 0 1 0.83
1 0 1 1 0 1 1 0 0 0 1 1.532
0 0 1 1 0 1 0 0 0 0 1 0.768
0 1 0 1 0 1 1 0 0 0 0 0.674
0 1 0 1 0 1 0 0 0 0 0 0.768
0 0 0 0 0 1 1 0 0 0 0 0.534
0 1 0 0 0 1 0 0 1 0 0 0.83
1 1 0 0 1 1 0 0 0 0 0 2.515
1 1 1 0 0 1 0 0 1 0 1 0.908
1 1 1 1 0 1 0 0 0 0 1 0.737
1 1 1 0 1 1 0 0 0 0 1 1.891
1 1 0 0 0 1 1 0 0 0 0 2.531
1 1 1 0 0 1 0 0 0 0 1 0.659
0 0 1 1 0 1 0 0 1 0 1 1.47
1 1 1 1 1 1 0 0 0 0 1 2.546
0 0 1 1 1 1 0 0 0 0 1 0.97
0 1 0 0 0 1 0 0 1 0 0 1.329
1 0 0 0 0 1 1 0 0 0 0 1.001
1 0 0 1 0 1 0 0 1 0 0 1.048
1 0 0 0 0 1 0 0 0 0 0 2.281
0 0 1 1 0 1 0 0 0 0 1 0.892
0 1 1 1 0 1 1 0 0 0 1 1.532
0 0 1 0 1 1 0 0 0 0 1 1.157
1 0 0 1 1 1 0 0 0 0 0 1.688
1 1 1 1 0 1 0 0 1 0 1 0.986
1 1 0 1 0 1 1 0 0 0 0 1.422
0 1 0 1 0 1 0 0 1 0 0 1.251
1 0 1 0 0 1 1 0 0 0 1 1.922
0 1 0 1 0 1 0 0 0 0 0 1.033
0 1 0 1 1 1 0 0 0 0 0 0.939
0 0 0 0 1 1 0 0 0 0 0 2.25
0 0 1 0 0 1 0 0 1 0 1 0.83
0 0 1 1 0 1 1 0 0 0 1 0.955
0 0 1 0 0 1 0 0 0 0 1 0.596
0 0 0 0 0 1 0 0 1 0 0 0.705
1 1 1 0 0 1 1 0 0 0 1 1.127
1 0 0 1 0 1 0 0 0 0 0 1.626
1 1 0 0 1 1 0 0 0 0 0 1.719
0 1 0 0 0 1 0 0 0 0 0 0.877
1 1 1 0 0 1 0 0 1 0 1 2.078
1 0 0 1 0 1 1 0 0 0 0 0.845
