1 1 1 0 1 1 0 0 0 0 1 1.953
0 0 1 1 1 1 0 0 0 0 1 1.033
0 0 1 0 0 1 0 0 0 0 1 0.876
1 0 0 1 0 1 0 0 1 0 0 0.674
0 0 0 0 0 1 1 0 0 0 0 1.813
1 0 0 1 0 1 1 0 0 0 0 2.344
0 1 0 0 0 1 0 0 1 0 0 0.939
0 1 1 0 0 1 1 0 0 0 1 2.11
1 0 0 1 0 1 0 0 0 0 0 1.064
0 1 0 1 1 1 0 0 0 0 0 1.766
1 1 1 0 0 1 0 0 1 0 1 1.033
1 0 0 0 0 1 0 0 0 0 0 0.768
1 1 1 0 0 1 0 0 0 0 1 0.643
1 1 0 0 0 1 1 0 0 0 0 2.156
0 1 0 1 0 1 0 0 1 0 0 0.892
0 0 0 1 1 1 0 0 0 0 0 2.842
1 0 1 0 0 1 1 0 0 0 1 2.141
1 1 1 1 0 1 0 0 1 0 1 0.674
1 1 1 1 1 1 0 0 0 0 1 1.08
0 0 1 0 0 1 0 0 1 0 1 0.705
0 0 1 1 0 1 0 0 1 0 1 0.955
0 1 0 0 0 1 0 0 0 0 0 2.265
0 0 1 0 1 1 0 0 0 0 1 1.407
0 0 1 1 0 1 0 0 0 0 1 1.719
1 0 0 0 0 1 0 0 1 0 0 0.674
1 1 1 1 0 1 0 0 0 0 1 0.705
0 0 0 0 1 1 0 0 0 0 0 2.702
1 1 1 1 0 1 1 0 0 0 1 2.858
1 1 0 0 1 1 0 0 0 0 0 1.828
0 1 0 1 0 1 0 0 0 0 0 0.674
1 1 0 1 0 1 1 0 0 0 0 0.783
1 0 1 1 0 1 1 0 0 0 1 0.971
1 1 1 1 0 1 0 0 1 0 1 1.126
0 0 1 1 0 1 0 0 1 0 1 0.861
0 1 1 1 1 1 0 0 0 0 1 1.376
1 0 0 1 0 1 0 0 1 0 0 0.611
0 0 1 1 1 1 0 0 0 0 1 0.876
1 1 0 0 1 1 0 0 0 0 0 2.967
0 1 1 0 1 1 0 0 0 0 1 0.799
1 1 1 0 0 1 1 0 0 0 1 2.436
1 0 0 0 0 1 1 0 0 0 0 2.561
1 1 1 1 0 1 0 0 0 0 1 0.643
0 1 1 1 0 1 1 0 0 0 1 2.577
0 0 1 0 0 1 0 0 1 0 1 1.423
0 0 0 0 1 1 0 0 0 0 0 2.093
0 0 0 1 0 1 1 0 0 0 0 2.827
1 1 0 1 1 1 0 0 0 0 0 2.047
1 0 0 0 0 1 0 0 0 0 0 0.924
1 0 0 1 1 1 0 0 0 0 0 2.671
0 0 1 1 0 1 0 0 0 0 1 3.155
0 1 0 0 0 1 0 0 1 0 0 0.986
0 1 0 0 0 1 0 0 0 0 0 1.876
0 1 1 0 0 1 0 0 0 0 1 2.015
1 1 1 0 0 1 0 0 1 0 1 0.564
1 0 0 0 0 1 0 0 1 0 0 1.376
0 0 1 0 0 1 0 0 0 0 1 1.236
0 1 0 1 0 1 0 0 1 0 0 0.643
1 1 0 0 0 1 1 0 0 0 0 2.546
1 0 0 1 0 1 0 0 0 0 0 1.158
1 1 0 1 0 1 1 0 0 0 0 1.36
0 1 0 1 0 1 0 0 0 0 0 0.861
1 0 1 0 1 1 0 0 0 0 1 2.656
1 0 1 1 0 1 1 0 0 0 1 1.267
1 0 1 0 0 1 1 0 0 0 1 2.796
0 0 1 1 0 1 0 0 0 0 1 1.111
0 0 0 0 1 1 0 0 0 0 0 2.188
1 0 0 1 0 1 0 0 1 0 0 1.111
0 0 1 0 0 1 0 0 1 0 1 0.986
0 1 0 1 0 1 0 0 1 0 0 0.768
1 1 1 0 0 1 0 0 0 0 1 1.22
0 1 1 0 1 1 0 0 0 0 1 2.375
0 1 1 0 0 1 1 0 0 0 1 2.796
0 0 1 1 0 1 0 0 1 0 1 1.532
1 0 1 0 1 1 0 0 0 0 1 2.453
1 1 1 1 0 1 0 0 0 0 1 1.859
1 1 1 0 0 1 0 0 1 0 1 0.627
1 1 1 1 1 1 0 0 0 0 1 1.595
1 0 1 1 1 1 0 0 0 0 1 2.499
0 1 0 1 0 1 0 0 0 0 0 2.062
1 0 0 0 0 1 1 0 0 0 0 1.829
1 1 0 0 0 1 1 0 0 0 0 1.501
0 0 0 1 0 1 1 0 0 0 0 2.047
1 1 1 1 0 1 1 0 0 0 1 2.358
0 1 0 0 1 1 0 0 0 0 0 2.671
0 1 0 0 0 1 0 0 1 0 0 0.752
0 0 0 1 1 1 0 0 0 0 0 1.407
0 1 0 0 0 1 0 0 0 0 0 2.748
1 0 1 1 0 1 1 0 0 0 1 2.53
1 0 0 1 0 1 0 0 0 0 0 0.72
1 0 1 0 0 1 1 0 0 0 1 2.717
0 1 0 1 1 1 0 0 0 0 0 0.845
0 1 0 1 0 1 1 0 0 0 0 1.859
0 0 1 0 0 1 0 0 0 0 1 1.095
1 0 0 0 0 1 0 0 0 0 0 2.5
1 1 1 1 0 1 0 0 1 0 1 0.596
1 0 0 0 0 1 0 0 1 0 0 0.612
1 1 0 0 0 1 1 0 0 0 0 1.688
1 0 0 0 0 1 1 0 0 0 0 2.187
1 1 1 0 0 1 0 0 1 0 1 0.736
0 0 1 0 1 1 0 0 0 0 1 2.78
1 0 1 1 1 1 0 0 0 0 1 1.953
1 0 1 0 0 1 0 0 0 0 1 1.953
0 0 1 0 0 1 0 0 1 0 1 0.721
0 1 0 0 0 1 0 0 0 0 0 2.141
0 1 0 0 1 1 0 0 0 0 0 2.733
0 1 0 0 0 1 0 0 1 0 0 1.111
0 1 0 1 0 1 0 0 1 0 0 1.173
1 0 0 1 0 1 0 0 1 0 0 0.752
1 0 1 0 0 1 1 0 0 0 1 2.967
0 1 1 1 0 1 1 0 0 0 1 1.485
1 0 0 0 1 1 0 0 0 0 0 0.923
1 1 0 1 0 1 1 0 0 0 0 2.749
1 0 0 0 0 1 0 0 0 0 0 1.266
1 1 1 0 1 1 0 0 0 0 1 2.109
0 1 0 1 1 1 0 0 0 0 0 0.815
1 0 0 0 0 1 0 0 1 0 0 0.783
1 0 0 1 0 1 0 0 0 0 0 1.454
1 1 1 0 0 1 0 0 0 0 1 1.828
0 0 0 1 1 1 0 0 0 0 0 3.154
1 1 1 1 0 1 0 0 0 0 1 0.642
0 1 0 1 0 1 0 0 0 0 0 2.53
1 1 1 1 1 1 0 0 0 0 1 1.001
1 1 1 1 0 1 0 0 1 0 1 0.627
1 1 1 0 0 1 1 0 0 0 1 1.048
1 0 1 1 0 1 1 0 0 0 1 2.39
0 0 1 1 0 1 0 0 0 0 1 0.955
0 0 1 1 0 1 0 0 1 0 1 1.298
1 0 0 1 0 1 1 0 0 0 0 2.202
0 1 0 0 1 1 0 0 0 0 0 1.001
0 1 0 0 0 1 0 0 0 0 0 2.281
0 0 1 1 0 1 0 0 1 0 1 1.625
1 1 1 0 0 1 0 0 1 0 1 0.72
0 1 0 1 0 1 0 0 1 0 0 1.002
0 1 1 0 0 1 1 0 0 0 1 1.626
1 0 0 0 0 1 0 0 1 0 0 0.627
0 1 0 1 0 1 0 0 0 0 0 2.78
1 1 1 1 0 1 0 0 0 0 1 0.658
0 0 1 0 0 1 1 0 0 0 1 1.392
1 0 0 1 0 1 0 0 1 0 0 0.752
0 0 1 1 0 1 0 0 0 0 1 1.672
1 0 0 1 0 1 0 0 0 0 0 2.094
0 1 0 0 0 1 0 0 1 0 0 0.736
1 1 0 0 0 1 1 0 0 0 0 1.033
1 1 1 0 0 1 0 0 0 0 1 0.955
0 0 1 0 0 1 0 0 1 0 1 0.643
1 0 1 1 0 1 1 0 0 0 1 2.998
0 0 0 1 0 1 1 0 0 0 0 2.436
1 0 0 0 0 1 0 0 0 0 0 0.721
1 0 0 1 1 1 0 0 0 0 0 2.406
1 1 1 1 0 1 0 0 1 0 1 1.002
1 1 0 1 0 1 1 0 0 0 0 1.86
0 0 1 1 1 1 0 0 0 0 1 1.657
1 1 1 1 1 1 0 0 0 0 1 1.891
0 0 0 0 1 1 0 0 0 0 0 2.234
1 0 1 0 0 1 0 0 0 0 1 2.873
1 0 1 0 1 1 0 0 0 0 1 2.063
0 1 1 0 1 1 0 0 0 0 1 0.892
1 0 0 0 0 1 1 0 0 0 0 1.064
1 1 1 1 0 1 1 0 0 0 1 2.218
1 1 0 1 1 1 0 0 0 0 0 2.624
0 1 0 0 0 1 0 0 0 0 0 1.454
0 1 1 1 0 1 1 0 0 0 1 2.296
1 1 1 0 0 1 0 0 0 0 1 0.674
0 1 0 1 0 1 0 0 1 0 0 0.643
0 0 1 1 0 1 0 0 0 0 1 1.563
1 0 0 0 1 1 0 0 0 0 0 1.142
1 0 0 0 0 1 0 0 0 0 0 1.158
0 0 1 1 0 1 0 0 1 0 1 1.204
1 1 1 0 0 1 0 0 1 0 1 0.611
1 1 1 1 1 1 0 0 0 0 1 1.017
1 0 0 0 0 1 1 0 0 0 0 0.986
0 0 1 0 0 1 0 0 1 0 1 1.064
1 1 0 1 0 1 1 0 0 0 0 1.064
1 0 1 1 1 1 0 0 0 0 1 1.595
0 0 0 1 0 1 1 0 0 0 0 2.39
0 1 0 1 0 1 0 0 0 0 0 1.407
1 1 1 1 0 1 0 0 1 0 1 1.812
1 0 0 0 0 1 0 0 1 0 0 0.58
0 1 0 0 1 1 0 0 0 0 0 1.329
1 1 0 1 1 1 0 0 0 0 0 1.532
1 0 1 0 0 1 0 0 0 0 1 0.752
0 1 0 0 0 1 0 0 1 0 0 1.095
1 0 1 1 0 1 1 0 0 0 1 2.093
0 0 0 1 1 1 0 0 0 0 0 1.532
1 1 1 1 0 1 0 0 0 0 1 1.142
1 0 1 0 1 1 0 0 0 0 1 0.954
1 1 1 0 1 1 0 0 0 0 1 1.126
1 0 0 1 0 1 0 0 0 0 0 1.344
0 0 1 0 0 1 1 0 0 0 1 2.359
1 1 1 0 0 1 1 0 0 0 1 2.593
0 0 0 1 0 1 0 0 1 0 0 2.874
0 1 0 0 0 1 1 0 0 0 0 1.049
1 0 0 0 0 1 1 0 0 0 0 0.643
0 1 1 0 1 1 0 0 0 0 1 1.392
0 0 1 0 0 1 0 0 1 0 1 0.659
1 0 1 1 1 1 0 0 0 0 1 1.844
0 1 0 1 1 1 0 0 0 0 0 2.25
1 0 1 0 0 1 1 0 0 0 1 2.39
1 1 1 1 0 1 0 0 0 0 1 2.063
1 1 1 0 0 1 0 0 0 0 1 2.655
1 1 1 1 0 1 0 0 1 0 1 1.001
0 1 0 0 0 1 1 0 0 0 0 2.078
0 0 0 1 0 1 1 0 0 0 0 1.594
0 0 1 0 1 1 0 0 0 0 1 1.454
1 0 0 0 0 1 0 0 1 0 0 2.327
0 0 0 0 1 1 0 0 0 0 0 1.407
1 0 0 1 1 1 0 0 0 0 0 2.11
0 0 0 0 0 1 0 0 0 0 0 2.109
0 1 0 0 0 1 0 0 1 0 0 1.049
0 1 0 0 1 1 0 0 0 0 0 1.361
1 0 0 1 0 1 0 0 1 0 0 1.86
0 1 0 1 0 1 1 0 0 0 0 2.109
0 0 1 1 0 1 1 0 0 0 1 1.657
0 1 0 1 0 1 0 0 1 0 0 1.735
0 1 0 1 0 1 0 0 0 0 0 0.799
1 1 1 0 0 1 0 0 1 0 1 0.815
0 1 0 0 0 1 0 0 0 0 0 1.329
0 0 1 1 0 1 0 0 0 0 1 1.532
0 1 1 0 0 1 1 0 0 0 1 2.468
1 1 1 1 0 1 1 0 0 0 1 2.172
1 1 1 1 1 1 0 0 0 0 1 1.907
0 0 1 1 0 1 0 0 1 0 1 1.75
0 0 1 0 0 1 0 0 0 0 1 1.407
1 0 0 1 0 1 0 0 0 0 0 2.188
1 1 0 1 1 1 0 0 0 0 0 1.844
0 1 0 0 0 1 0 0 0 0 0 0.877
0 1 0 0 0 1 1 0 0 0 0 1.968
0 0 0 1 0 1 0 0 0 0 0 0.674
0 0 1 0 1 1 0 0 0 0 1 1.485
0 0 1 1 0 1 0 0 0 0 1 1.423
0 0 1 1 1 1 0 0 0 0 1 1.188
1 1 1 1 0 1 0 0 0 0 1 1.048
1 1 1 1 0 1 1 0 0 0 1 2.234
0 0 1 0 0 1 0 0 1 0 1 0.69
0 0 0 1 0 1 1 0 0 0 0 1.875
1 1 1 1 0 1 0 0 1 0 1 0.97
1 1 1 0 0 1 0 0 1 0 1 0.596
1 1 0 0 1 1 0 0 0 0 0 1.672
1 0 1 1 0 1 1 0 0 0 1 1.594
0 1 0 1 0 1 1 0 0 0 0 1.376
0 0 0 0 1 1 0 0 0 0 0 2.702
1 1 1 1 1 1 0 0 0 0 1 2.453
0 0 0 1 1 1 0 0 0 0 0 1.501
0 1 1 0 1 1 0 0 0 0 1 1.532
0 1 1 0 0 1 0 0 0 0 1 1.969
1 0 0 1 0 1 0 0 1 0 0 1.704
1 0 1 0 0 1 1 0 0 0 1 2.187
1 1 0 1 0 1 0 0 0 0 0 2.187
1 0 0 0 0 1 1 0 0 0 0 2.344
0 1 0 0 0 1 0 0 1 0 0 1.189
1 1 1 0 0 1 1 0 0 0 1 1.376
1 0 0 0 0 1 0 0 0 0 0 2.187
1 0 0 0 0 1 0 0 1 0 0 1.064
0 0 1 1 0 1 0 0 1 0 1 0.892
0 0 1 0 0 1 0 0 0 0 1 1.688
0 1 0 1 0 1 0 0 1 0 0 1.797
0 1 0 0 0 1 0 0 1 0 0 0.737
1 1 1 0 0 1 0 0 1 0 1 0.565
1 1 1 1 1 1 0 0 0 0 1 1.407
0 1 0 0 1 1 0 0 0 0 0 2.468
1 1 1 1 0 1 0 0 1 0 1 2
0 0 1 1 0 1 0 0 1 0 1 1.08
1 0 0 1 0 1 0 0 1 0 0 1.002
0 0 0 1 0 1 1 0 0 0 0 1.672
0 0 1 0 0 1 0 0 0 0 1 1.188
0 1 0 1 0 1 0 0 0 0 0 1.969
0 0 1 1 0 1 0 0 0 0 1 0.798
0 0 1 0 0 1 0 0 1 0 1 0.845
1 1 0 1 1 1 0 0 0 0 0 2.14
0 0 1 1 1 1 0 0 0 0 1 2.53
0 1 0 1 0 1 0 0 1 0 0 0.658
1 0 0 1 1 1 0 0 0 0 0 1.719
0 1 0 0 0 1 0 0 0 0 0 0.767
0 0 0 0 0 1 0 0 0 0 0 2.015
1 0 0 1 0 1 0 0 0 0 0 1.22
1 1 1 0 0 1 0 0 0 0 1 1.064
1 1 1 1 0 1 0 0 0 0 1 0.55
0 0 0 0 0 1 1 0 0 0 0 1.75
0 0 1 1 0 1 1 0 0 0 1 1.594
1 0 1 0 0 1 1 0 0 0 1 0.736
0 0 1 0 1 1 0 0 0 0 1 0.861
0 1 0 1 0 1 1 0 0 0 0 1.485
1 1 0 0 0 1 1 0 0 0 0 0.737
1 0 0 0 0 1 0 0 1 0 0 1.095
1 1 1 0 1 1 0 0 0 0 1 0.955
1 1 1 0 0 1 1 0 0 0 1 2.094
0 1 1 1 0 1 1 0 0 0 1 2.218
0 0 0 0 1 1 0 0 0 0 0 2.047
1 1 0 1 0 1 1 0 0 0 0 1.47
0 1 0 0 0 1 0 0 0 0 0 1.064
0 0 0 1 1 1 0 0 0 0 0 1.719
1 0 0 0 0 1 0 0 1 0 0 0.955
0 0 0 0 0 1 1 0 0 0 0 2.749
1 0 1 0 1 1 0 0 0 0 1 2.998
1 1 1 0 0 1 0 0 1 0 1 0.83
0 1 0 0 1 1 0 0 0 0 0 1.735
1 1 1 1 1 1 0 0 0 0 1 1.532
1 1 1 1 0 1 0 0 0 0 1 1.501
0 0 0 1 0 1 1 0 0 0 0 1.563
0 0 1 0 0 1 0 0 0 0 1 0.83
0 1 0 1 0 1 0 0 0 0 0 1.595
0 0 1 1 0 1 0 0 1 0 1 1.048
0 1 0 0 0 1 0 0 1 0 0 0.986
1 1 1 1 0 1 0 0 1 0 1 1.813
0 0 1 1 1 1 0 0 0 0 1 2.063
1 1 1 0 1 1 0 0 0 0 1 1.751
1 0 0 0 0 1 0 0 0 0 0 1.345
0 1 0 1 0 1 0 0 1 0 0 0.752
1 0 0 1 0 1 0 0 0 0 0 0.658
1 0 1 0 0 1 1 0 0 0 1 1.096
0 1 0 0 0 1 1 0 0 0 0 1.032
1 1 0 1 1 1 0 0 0 0 0 1.298
1 0 1 1 0 1 1 0 0 0 1 1.751
1 1 1 0 0 1 0 0 0 0 1 1.454
0 1 1 1 0 1 1 0 0 0 1 2.219
0 0 1 1 0 1 0 0 0 0 1 1.673
0 0 1 0 0 1 0 0 1 0 1 0.783
1 0 0 1 0 1 0 0 1 0 0 1.235
1 0 0 0 1 1 0 0 0 0 0 1.688
1 1 1 0 0 1 1 0 0 0 1 0.861
