0 1 0 1 0 1 0 0 0 0 0 1.469
1 0 0 0 0 1 1 0 0 0 0 1.174
0 0 1 1 0 1 0 0 0 0 1 1.126
0 0 1 0 0 1 0 0 0 0 1 0.939
1 1 1 0 0 1 0 0 0 0 1 1.61
1 0 0 1 0 1 0 0 0 0 0 1.064
1 1 0 0 0 1 1 0 0 0 0 1.345
0 0 1 1 1 1 0 0 0 0 1 1.251
0 1 0 0 0 1 0 0 0 0 0 0.923
1 1 1 0 0 1 0 0 1 0 1 1.064
0 0 0 0 1 1 0 0 0 0 0 1.594
1 0 1 1 0 1 1 0 0 0 1 2.078
0 0 1 0 0 1 0 0 1 0 1 0.971
0 0 1 0 1 1 0 0 0 0 1 1.251
0 1 0 0 1 1 0 0 0 0 0 1.595
0 0 0 1 0 1 1 0 0 0 0 1.938
1 1 0 1 0 1 1 0 0 0 0 0.861
1 0 0 1 1 1 0 0 0 0 0 1.423
1 1 1 1 0 1 0 0 1 0 1 1.174
1 0 0 1 0 1 0 0 1 0 0 0.83
1 1 1 1 0 1 1 0 0 0 1 0.784
1 0 0 0 0 1 0 0 0 0 0 0.861
1 1 1 0 0 1 1 0 0 0 1 0.892
0 0 1 1 0 1 0 0 1 0 1 0.908
1 0 0 0 0 1 0 0 1 0 0 0.627
1 1 1 0 1 1 0 0 0 0 1 0.986
1 1 0 0 0 1 0 0 1 0 0 0.799
1 0 1 0 0 1 1 0 0 0 1 1.189
1 1 1 1 1 1 0 0 0 0 1 1.283
1 1 0 1 1 1 0 0 0 0 0 1.314
0 1 0 1 0 1 0 0 1 0 0 0.939
1 1 1 1 0 1 0 0 0 0 1 0.908
1 0 0 0 0 1 1 0 0 0 0 0.892
1 0 1 0 0 1 1 0 0 0 1 0.908
1 1 0 1 0 1 1 0 0 0 0 2.718
1 0 0 1 0 1 1 0 0 0 0 2.78
1 1 1 1 0 1 0 0 0 0 1 2.047
1 1 1 1 0 1 0 0 1 0 1 0.815
1 0 0 0 0 1 0 0 1 0 0 1.002
0 1 0 0 0 1 0 0 0 0 0 1.563
1 1 0 1 1 1 0 0 0 0 0 2.936
1 1 1 1 0 1 1 0 0 0 1 2.406
0 0 1 1 0 1 0 0 1 0 1 0.986
0 0 1 0 0 1 0 0 1 0 1 1.002
1 0 0 1 0 1 0 0 0 0 0 0.83
1 0 0 1 0 1 0 0 1 0 0 0.908
1 0 0 0 1 1 0 0 0 0 0 2.125
1 0 0 0 0 1 0 0 0 0 0 1.064
0 0 0 1 1 1 0 0 0 0 0 2.312
1 1 0 0 0 1 1 0 0 0 0 1.095
0 1 0 0 0 1 0 0 1 0 0 0.877
0 0 1 0 1 1 0 0 0 0 1 0.986
1 0 1 1 0 1 1 0 0 0 1 0.659
0 1 0 0 1 1 0 0 0 0 0 1.392
1 1 0 1 0 1 0 0 0 0 0 0.736
1 1 1 0 1 1 0 0 0 0 1 1.22
1 0 1 1 1 1 0 0 0 0 1 2
0 0 1 0 0 1 0 0 0 0 1 1.173
0 0 1 1 0 1 0 0 0 0 1 0.908
1 1 1 0 0 1 1 0 0 0 1 0.923
0 1 0 1 0 1 0 0 1 0 0 0.908
1 1 1 0 0 1 0 0 1 0 1 0.892
1 1 1 0 0 1 0 0 0 0 1 0.752
1 1 1 1 1 1 0 0 0 0 1 1.548
1 1 1 1 0 1 0 0 1 0 1 0.643
1 0 0 1 0 1 1 0 0 0 0 0.752
1 1 0 1 1 1 0 0 0 0 0 1.907
1 1 0 1 0 1 0 0 0 0 0 0.752
1 1 1 0 0 1 1 0 0 0 1 0.876
1 0 0 0 0 1 1 0 0 0 0 0.705
0 0 1 0 1 1 0 0 0 0 1 1.361
0 0 1 0 0 1 0 0 1 0 1 0.924
0 0 1 0 0 1 0 0 0 0 1 1.781
1 1 0 1 0 1 1 0 0 0 0 0.893
0 1 0 0 1 1 0 0 0 0 0 2.359
0 0 0 1 1 1 0 0 0 0 0 2.968
0 1 0 0 0 1 0 0 0 0 0 0.939
1 0 0 0 0 1 0 0 1 0 0 0.97
1 1 1 1 0 1 0 0 0 0 1 1.111
0 0 1 1 0 1 0 0 1 0 1 1.11
0 1 1 0 1 1 0 0 0 0 1 2.281
0 1 1 1 1 1 0 0 0 0 1 1.36
1 0 0 1 0 1 0 0 0 0 0 0.721
0 1 0 0 0 1 0 0 1 0 0 0.814
1 0 1 1 0 1 1 0 0 0 1 0.72
1 1 0 0 0 1 1 0 0 0 0 1.189
1 1 1 1 0 1 1 0 0 0 1 1.095
1 0 0 0 1 1 0 0 0 0 0 1.797
1 1 1 0 0 1 0 0 0 0 1 1.111
0 0 1 1 1 1 0 0 0 0 1 1.517
0 1 0 1 0 1 0 0 1 0 0 0.986
1 0 0 0 0 1 0 0 0 0 0 0.861
1 1 1 0 0 1 0 0 1 0 1 0.861
1 0 0 1 0 1 0 0 1 0 0 0.908
0 0 1 1 0 1 0 0 0 0 1 1.251
1 0 1 0 0 1 1 0 0 0 1 0.627
0 0 1 1 0 1 0 0 1 0 1 1.096
0 1 0 1 0 1 0 0 1 0 0 0.69
0 1 1 0 1 1 0 0 0 0 1 1.298
0 1 0 1 0 1 1 0 0 0 0 2.172
0 0 0 0 1 1 0 0 0 0 0 1.673
0 0 1 0 0 1 0 0 0 0 1 0.861
0 0 1 1 1 1 0 0 0 0 1 1.688
1 0 0 1 0 1 0 0 0 0 0 1.111
0 0 1 0 1 1 0 0 0 0 1 1.33
1 1 1 1 1 1 0 0 0 0 1 1.033
1 1 1 0 0 1 0 0 0 0 1 0.986
0 1 0 1 1 1 0 0 0 0 0 1.547
0 0 1 1 0 1 0 0 0 0 1 1.267
1 1 1 0 0 1 0 0 1 0 1 0.815
1 1 1 0 0 1 1 0 0 0 1 0.986
1 1 0 0 0 1 1 0 0 0 0 0.846
1 0 0 0 0 1 0 0 0 0 0 0.83
1 1 1 1 0 1 0 0 1 0 1 0.814
1 1 1 1 0 1 1 0 0 0 1 0.955
1 0 0 1 0 1 0 0 1 0 0 0.845
1 0 0 0 0 1 1 0 0 0 0 1.157
0 1 0 0 0 1 0 0 1 0 0 0.877
1 1 0 1 0 1 0 0 0 0 0 1.236
1 0 0 1 0 1 1 0 0 0 0 1.158
0 1 0 0 0 1 0 0 0 0 0 1.439
1 1 1 1 0 1 0 0 0 0 1 1.47
1 0 1 1 0 1 1 0 0 0 1 1.189
0 0 0 1 1 1 0 0 0 0 0 1.361
0 0 1 0 0 1 0 0 1 0 1 1.142
1 0 0 0 0 1 0 0 1 0 0 1.064
0 1 0 0 1 1 0 0 0 0 0 1.408
1 0 1 0 0 1 1 0 0 0 1 0.892
1 0 0 1 0 1 1 0 0 0 0 0.908
0 0 1 1 0 1 0 0 0 0 1 0.877
1 1 0 0 1 1 0 0 0 0 0 1.174
1 1 0 0 0 1 1 0 0 0 0 1.797
1 0 1 1 0 1 1 0 0 0 1 1.36
1 1 1 1 0 1 0 0 0 0 1 1.002
0 0 1 1 0 1 0 0 1 0 1 0.846
1 1 1 0 0 1 0 0 1 0 1 0.815
1 1 1 1 0 1 0 0 1 0 1 1.158
0 1 0 1 0 1 1 0 0 0 0 1.205
1 1 1 1 1 1 0 0 0 0 1 1.266
0 1 0 0 0 1 0 0 1 0 0 1.079
1 0 1 0 0 1 1 0 0 0 1 0.783
0 0 1 1 1 1 0 0 0 0 1 1.174
1 1 1 0 1 1 0 0 0 0 1 0.876
0 0 1 0 0 1 0 0 1 0 1 0.861
1 0 0 1 0 1 0 0 1 0 0 1.408
1 0 0 0 0 1 0 0 1 0 0 0.955
1 1 1 0 0 1 1 0 0 0 1 1.095
1 1 1 0 0 1 0 0 0 0 1 1.173
0 1 0 1 1 1 0 0 0 0 0 1.719
0 0 1 0 0 1 0 0 0 0 1 1.127
0 1 0 1 0 1 0 0 1 0 0 0.986
0 0 0 1 1 1 0 0 0 0 0 1.282
1 0 0 0 0 1 0 0 0 0 0 0.721
1 0 0 1 0 1 0 0 0 0 0 0.814
0 1 0 0 0 1 0 0 0 0 0 0.971
0 1 0 1 0 1 0 0 0 0 0 0.877
0 1 1 1 0 1 1 0 0 0 1 1.205
0 0 1 0 1 1 0 0 0 0 1 1.251
1 0 0 0 0 1 1 0 0 0 0 0.814
1 0 0 0 1 1 0 0 0 0 0 1.313
0 1 0 1 1 1 0 0 0 0 0 2.936
0 1 0 0 0 1 0 0 1 0 0 1.891
1 1 1 0 0 1 0 0 0 0 1 1.329
1 1 1 0 0 1 0 0 1 0 1 1.282
1 0 0 1 0 1 1 0 0 0 0 1.391
1 0 0 0 0 1 0 0 0 0 0 0.845
0 0 1 0 1 1 0 0 0 0 1 1.469
1 1 1 1 1 1 0 0 0 0 1 1.079
0 0 1 1 0 1 0 0 0 0 1 1.282
1 1 1 1 0 1 1 0 0 0 1 1.267
0 0 1 1 1 1 0 0 0 0 1 0.814
0 0 1 0 0 1 0 0 0 0 1 0.799
0 1 0 0 1 1 0 0 0 0 0 1.142
1 0 1 1 0 1 1 0 0 0 1 0.752
1 0 1 0 0 1 1 0 0 0 1 0.659
1 0 0 1 0 1 0 0 0 0 0 1.127
0 0 1 0 0 1 0 0 1 0 1 1.173
1 0 0 0 0 1 1 0 0 0 0 0.986
1 0 0 0 0 1 0 0 1 0 0 0.845
0 0 0 1 1 1 0 0 0 0 0 2.015
0 1 0 1 0 1 0 0 0 0 0 0.892
0 0 0 0 1 1 0 0 0 0 0 1.423
1 0 0 1 0 1 0 0 1 0 0 1.142
1 1 0 1 0 1 1 0 0 0 0 0.814
1 1 1 1 0 1 0 0 1 0 1 0.923
1 1 1 1 0 1 0 0 0 0 1 1.313
0 0 1 1 0 1 0 0 1 0 1 0.924
0 1 0 1 0 1 0 0 1 0 0 1.579
1 1 1 0 1 1 0 0 0 0 1 1.033
1 1 1 0 0 1 1 0 0 0 1 0.752
0 1 0 0 0 1 0 0 0 0 0 0.862
1 1 0 0 0 1 1 0 0 0 0 0.83
0 0 1 0 0 1 0 0 0 0 1 0.83
1 1 1 1 0 1 1 0 0 0 1 0.877
1 0 0 1 0 1 0 0 0 0 0 1.048
0 0 1 1 0 1 0 0 0 0 1 1.127
1 0 0 0 0 1 0 0 1 0 0 0.752
0 1 0 0 0 1 0 0 1 0 0 0.798
0 1 0 0 0 1 0 0 0 0 0 0.721
1 0 0 1 0 1 0 0 1 0 0 0.534
0 0 1 1 0 1 0 0 1 0 1 0.721
1 1 1 0 0 1 1 0 0 0 1 0.924
0 1 0 0 1 1 0 0 0 0 0 0.768
1 1 1 0 0 1 0 0 0 0 1 0.69
1 0 1 1 0 1 1 0 0 0 1 1.017
1 0 1 0 0 1 1 0 0 0 1 0.628
1 1 1 0 0 1 0 0 1 0 1 0.658
0 1 0 1 1 1 0 0 0 0 0 0.783
1 0 0 1 0 1 1 0 0 0 0 0.628
1 1 0 1 0 1 1 0 0 0 0 0.846
1 1 0 0 0 1 1 0 0 0 0 0.768
0 0 1 0 0 1 0 0 1 0 1 0.814
1 0 1 0 1 1 0 0 0 0 1 1.72
1 0 0 0 0 1 0 0 0 0 0 0.924
1 0 0 0 1 1 0 0 0 0 0 1.704
1 0 1 1 1 1 0 0 0 0 1 1.126
1 0 0 1 1 1 0 0 0 0 0 1.126
0 1 0 1 0 1 0 0 0 0 0 0.783
0 1 0 1 0 1 0 0 1 0 0 0.737
1 0 0 0 0 1 1 0 0 0 0 0.721
1 1 1 1 0 1 0 0 0 0 1 0.924
0 1 1 1 1 1 0 0 0 0 1 2.172
1 1 1 0 1 1 0 0 0 0 1 1.033
1 1 1 1 0 1 0 0 1 0 1 0.658
1 1 0 0 1 1 0 0 0 0 0 1.408
0 0 1 1 0 1 0 0 1 0 1 0.83
1 1 0 1 1 1 0 0 0 0 0 1.61
1 0 1 1 0 1 0 0 0 0 1 0.799
1 1 1 0 1 1 0 0 0 0 1 1.266
0 0 1 1 1 1 0 0 0 0 1 1.064
1 0 0 1 0 1 0 0 0 0 0 0.767
0 0 1 0 1 1 0 0 0 0 1 1.329
0 0 1 0 0 1 0 0 1 0 1 0.799
1 1 0 0 0 1 0 0 0 0 0 0.596
1 1 1 1 1 1 0 0 0 0 1 1.782
0 1 0 1 0 1 0 0 1 0 0 0.69
1 1 0 0 0 1 1 0 0 0 0 1.438
1 1 1 1 0 1 0 0 1 0 1 0.783
1 0 0 0 0 1 0 0 0 0 0 0.69
1 0 1 1 0 1 1 0 0 0 1 1.236
1 1 0 1 0 1 1 0 0 0 0 0.908
0 0 0 1 0 1 0 0 1 0 0 1.079
1 0 1 0 0 1 1 0 0 0 1 1.22
0 0 0 0 1 1 0 0 0 0 0 1.204
1 0 0 1 1 1 0 0 0 0 0 0.752
1 0 0 1 0 1 1 0 0 0 0 1.064
1 0 0 0 0 1 0 0 1 0 0 0.737
1 1 1 1 0 1 1 0 0 0 1 0.799
0 1 0 1 0 1 0 0 0 0 0 1.018
1 0 0 0 0 1 1 0 0 0 0 0.658
1 1 1 1 0 1 0 0 0 0 1 0.658
1 1 1 0 0 1 0 0 0 0 1 0.658
1 1 1 0 0 1 0 0 1 0 1 0.69
0 0 1 0 0 1 0 0 0 0 1 0.924
1 1 1 0 0 1 1 0 0 0 1 0.971
0 1 0 0 0 1 0 0 1 0 0 0.877
1 0 0 1 0 1 0 0 0 0 0 1.142
1 1 1 1 0 1 0 0 0 0 1 0.689
0 1 0 1 1 1 0 0 0 0 0 1.578
1 1 1 1 1 1 0 0 0 0 1 0.861
0 1 0 0 0 1 0 0 0 0 0 0.706
1 0 1 0 0 1 1 0 0 0 1 0.877
1 1 1 0 0 1 1 0 0 0 1 0.799
0 0 1 1 0 1 0 0 0 0 1 0.892
0 0 1 0 0 1 0 0 0 0 1 0.674
1 0 0 1 0 1 1 0 0 0 0 0.83
1 0 0 1 1 1 0 0 0 0 0 1.844
0 1 0 0 1 1 0 0 0 0 0 1.033
0 1 0 1 0 1 0 0 1 0 0 0.846
1 1 1 1 0 1 0 0 1 0 1 0.705
0 1 1 0 1 1 0 0 0 0 1 1.313
1 1 1 1 0 1 1 0 0 0 1 0.643
1 0 0 1 0 1 0 0 1 0 0 0.877
0 1 0 0 0 1 0 0 1 0 0 0.69
0 0 1 1 0 1 0 0 1 0 1 0.737
1 1 0 1 0 1 1 0 0 0 0 0.58
1 1 0 0 0 1 1 0 0 0 0 0.705
0 0 1 0 0 1 0 0 1 0 1 0.783
0 0 1 1 1 1 0 0 0 0 1 1.36
0 1 0 1 0 1 0 0 0 0 0 0.955
1 0 0 0 0 1 0 0 1 0 0 0.72
1 1 1 0 0 1 0 0 1 0 1 0.783
0 0 1 0 1 1 0 0 0 0 1 0.737
1 0 1 1 0 1 1 0 0 0 1 2.671
1 0 0 0 0 1 0 0 0 0 0 0.924
0 0 0 0 1 1 0 0 0 0 0 1.704
1 1 1 0 0 1 0 0 0 0 1 0.783
1 0 0 0 0 1 1 0 0 0 0 0.768
1 1 1 1 0 1 1 0 0 0 1 1.439
1 0 0 0 0 1 0 0 0 0 0 1.033
1 0 0 1 0 1 1 0 0 0 0 1.033
0 1 0 1 0 1 0 0 1 0 0 0.737
0 0 1 0 1 1 0 0 0 0 1 1.095
0 0 1 1 1 1 0 0 0 0 1 1.751
0 1 0 0 1 1 0 0 0 0 0 1.61
1 1 1 0 0 1 0 0 0 0 1 0.815
1 1 1 0 0 1 1 0 0 0 1 0.69
1 0 0 0 0 1 0 0 1 0 0 0.752
1 0 1 0 0 1 1 0 0 0 1 0.581
1 1 1 1 0 1 0 0 1 0 1 1.111
1 1 0 1 0 1 1 0 0 0 0 1.111
0 0 0 0 0 1 1 0 0 0 0 0.861
1 1 1 0 1 1 0 0 0 0 1 1.953
0 1 0 0 0 1 0 0 0 0 0 0.986
0 1 0 1 0 1 0 0 0 0 0 1.267
0 0 1 0 0 1 0 0 0 0 1 1.064
1 0 0 1 0 1 0 0 1 0 0 0.83
0 1 0 0 0 1 0 0 1 0 0 0.861
1 1 1 0 0 1 0 0 1 0 1 0.767
0 0 0 0 1 1 0 0 0 0 0 1.719
0 0 1 1 0 1 0 0 1 0 1 1.142
1 1 0 0 0 1 1 0 0 0 0 0.611
1 0 1 1 0 1 1 0 0 0 1 0.986
0 1 0 1 1 1 0 0 0 0 0 1.641
0 1 1 1 1 1 0 0 0 0 1 2.281
0 0 1 0 0 1 0 0 1 0 1 0.69
0 0 0 1 1 1 0 0 0 0 0 2.686
1 0 0 1 0 1 0 0 0 0 0 0.908
0 0 1 1 0 1 0 0 0 0 1 1.938
1 1 1 1 0 1 0 0 0 0 1 1.563
