1 0 1 0 0 1 1 0 0 0 1 1.937
1 0 1 1 0 1 1 0 0 0 1 2.171
1 0 0 0 0 1 0 0 0 0 0 2.702
1 0 0 0 0 1 0 0 1 0 0 1.142
1 0 0 1 1 1 0 0 0 0 0 2.671
0 1 0 0 1 1 0 0 0 0 0 1.5
1 1 1 1 0 1 0 0 1 0 1 0.877
0 0 0 1 0 1 1 0 0 0 0 1.173
0 0 1 0 0 1 0 0 0 0 1 1.282
1 1 1 1 1 1 0 0 0 0 1 1.735
1 1 1 0 0 1 0 0 1 0 1 1.173
0 0 0 0 1 1 0 0 0 0 0 1.75
1 1 1 0 0 1 1 0 0 0 1 1.828
1 1 1 0 0 1 0 0 0 0 1 1.205
1 0 0 0 0 1 1 0 0 0 0 1.485
0 0 1 0 1 1 0 0 0 0 1 1.142
0 1 0 1 0 1 0 0 1 0 0 1.532
1 0 0 1 0 1 0 0 1 0 0 0.939
0 0 0 1 0 1 0 0 0 0 0 1.329
0 1 0 1 0 1 1 0 0 0 0 1.766
1 1 0 0 0 1 0 0 0 0 0 1.61
1 1 1 1 0 1 0 0 0 0 1 1.376
0 0 1 1 0 1 0 0 0 0 1 1.423
0 0 1 1 0 1 0 0 1 0 1 1.532
0 0 1 1 1 1 0 0 0 0 1 1.766
1 1 0 0 0 1 1 0 0 0 0 1.283
0 0 1 0 0 1 0 0 1 0 1 1.454
0 1 0 1 1 1 0 0 0 0 0 1.142
0 1 0 0 0 1 0 0 1 0 0 1.095
0 1 0 1 0 1 0 0 0 0 0 1.018
1 1 1 0 1 1 0 0 0 0 1 1.095
1 1 1 1 0 1 1 0 0 0 1 1.079
1 1 1 1 0 1 0 0 1 0 1 0.986
0 0 1 1 0 1 0 0 0 0 1 0.768
0 1 0 0 1 1 0 0 0 0 0 2.14
1 0 1 0 0 1 1 0 0 0 1 2.343
1 1 0 0 0 1 1 0 0 0 0 2.733
0 1 0 1 0 1 0 0 0 0 0 1.095
1 1 1 0 0 1 0 0 1 0 1 1.08
1 1 1 1 1 1 0 0 0 0 1 1.064
0 1 0 1 1 1 0 0 0 0 0 1.142
0 0 1 1 1 1 0 0 0 0 1 2.234
0 0 0 0 0 1 1 0 0 0 0 1.907
1 1 0 1 0 1 1 0 0 0 0 1.407
0 0 1 0 0 1 0 0 1 0 1 2.156
0 0 0 1 0 1 1 0 0 0 0 1.516
0 1 0 1 0 1 0 0 1 0 0 1.798
0 1 0 0 0 1 0 0 0 0 0 1.033
1 0 0 0 0 1 0 0 1 0 0 0.986
1 0 1 1 0 1 1 0 0 0 1 2.998
0 0 1 0 0 1 0 0 0 0 1 1.595
1 0 0 0 1 1 0 0 0 0 0 1.423
1 1 1 0 1 1 0 0 0 0 1 2
0 0 0 1 1 1 0 0 0 0 0 2.92
1 1 1 1 0 1 1 0 0 0 1 2.343
0 0 1 0 1 1 0 0 0 0 1 1.969
0 1 0 0 0 1 0 0 1 0 0 1.236
1 0 0 1 0 1 0 0 0 0 0 1.704
0 0 1 1 0 1 0 0 1 0 1 1.61
1 1 1 1 0 1 0 0 0 0 1 1.001
1 1 1 0 0 1 1 0 0 0 1 2.78
1 0 0 1 0 1 0 0 1 0 0 2.764
1 0 0 0 0 1 0 0 0 0 0 1.033
1 1 1 0 0 1 0 0 0 0 1 1.251
0 0 1 0 0 1 0 0 0 0 1 1.298
1 0 0 0 0 1 0 0 0 0 0 1.797
0 1 0 0 0 1 1 0 0 0 0 2.655
1 0 0 1 0 1 0 0 0 0 0 1.313
0 1 1 1 0 1 1 0 0 0 1 1.688
0 0 1 1 0 1 1 0 0 0 1 2.717
0 1 0 0 0 1 0 0 1 0 0 1.251
1 1 1 0 0 1 0 0 1 0 1 2.265
0 0 1 0 1 1 0 0 0 0 1 1.22
1 1 1 0 0 1 0 0 0 0 1 2.671
0 0 1 0 0 1 0 0 1 0 1 1.126
0 1 0 1 0 1 0 0 1 0 0 0.799
1 1 1 1 0 1 0 0 0 0 1 0.971
0 1 1 1 1 1 0 0 0 0 1 2.094
1 0 1 0 0 1 1 0 0 0 1 1.002
0 0 0 0 1 1 0 0 0 0 0 2.406
1 1 0 1 0 1 1 0 0 0 0 1.189
1 0 0 0 0 1 0 0 1 0 0 1.47
0 0 1 1 0 1 0 0 0 0 1 1.922
0 0 1 1 0 1 0 0 1 0 1 1.204
1 1 0 1 1 1 0 0 0 0 0 2.046
1 1 0 0 1 1 0 0 0 0 0 2.374
0 0 0 1 0 1 1 0 0 0 0 1.563
0 1 0 1 0 1 0 0 0 0 0 1.235
0 0 0 1 1 1 0 0 0 0 0 1.766
1 1 1 0 0 1 1 0 0 0 1 1.922
0 0 1 1 1 1 0 0 0 0 1 1.625
1 1 1 0 1 1 0 0 0 0 1 2.405
1 1 1 1 0 1 0 0 1 0 1 0.923
1 0 0 1 0 1 0 0 1 0 0 0.83
1 0 0 0 0 1 1 0 0 0 0 1.922
0 1 0 0 0 1 0 0 0 0 0 1.422
0 0 0 1 1 1 0 0 0 0 0 1.61
0 1 0 0 0 1 0 0 0 0 0 1.08
0 0 1 0 0 1 0 0 1 0 1 1.095
0 1 0 1 1 1 0 0 0 0 0 1.126
0 0 0 0 1 1 0 0 0 0 0 1.095
1 0 0 0 0 1 1 0 0 0 0 1.454
0 0 1 1 0 1 0 0 0 0 1 0.798
0 1 1 0 1 1 0 0 0 0 1 1.813
0 1 0 0 0 1 0 0 1 0 0 1.157
0 1 0 1 0 1 0 0 0 0 0 1.266
1 1 0 1 0 1 1 0 0 0 0 1.157
0 0 1 1 0 1 0 0 1 0 1 0.924
1 0 0 1 0 1 0 0 1 0 0 0.97
1 1 1 1 0 1 0 0 1 0 1 0.814
1 0 1 0 0 1 1 0 0 0 1 0.737
1 0 0 1 0 1 0 0 0 0 0 0.924
1 1 1 1 1 1 0 0 0 0 1 1.158
1 0 1 1 1 1 0 0 0 0 1 0.924
0 0 1 0 0 1 0 0 0 0 1 0.83
1 0 0 0 0 1 0 0 0 0 0 1.314
1 0 0 0 0 1 0 0 1 0 0 0.877
1 0 0 1 0 1 1 0 0 0 0 1.204
0 0 1 1 0 1 1 0 0 0 1 3.092
1 1 1 1 0 1 1 0 0 0 1 0.955
1 1 1 0 0 1 1 0 0 0 1 1.329
1 1 0 0 0 1 1 0 0 0 0 0.845
1 1 1 0 0 1 0 0 0 0 1 1.032
0 1 0 0 1 1 0 0 0 0 0 0.908
0 0 1 0 1 1 0 0 0 0 1 1.235
1 1 1 1 0 1 0 0 0 0 1 0.892
1 1 1 0 0 1 0 0 1 0 1 1.017
0 1 0 1 0 1 0 0 1 0 0 0.861
0 1 0 0 0 1 0 0 1 0 0 1.126
0 0 0 0 1 1 0 0 0 0 0 1.017
1 1 1 0 0 1 0 0 1 0 1 0.69
0 0 1 1 0 1 0 0 0 0 1 1.064
1 0 0 0 0 1 0 0 0 0 0 0.814
1 0 0 1 0 1 1 0 0 0 0 0.986
0 1 0 1 0 1 0 0 1 0 0 0.83
1 1 0 1 0 1 1 0 0 0 0 1.283
0 1 0 0 0 1 0 0 0 0 0 1.017
0 0 1 1 1 1 0 0 0 0 1 1.205
1 1 1 1 0 1 1 0 0 0 1 2.328
0 1 1 1 1 1 0 0 0 0 1 1.298
0 0 1 0 0 1 0 0 0 0 1 1.377
0 0 1 1 0 1 0 0 1 0 1 0.846
0 0 1 0 1 1 0 0 0 0 1 2.358
0 1 1 0 1 1 0 0 0 0 1 0.986
0 0 1 1 0 1 1 0 0 0 1 0.737
1 1 1 1 0 1 0 0 0 0 1 0.736
1 1 1 0 0 1 1 0 0 0 1 0.799
0 0 1 0 0 1 0 0 1 0 1 1.095
1 1 1 1 0 1 0 0 1 0 1 1.002
1 1 1 0 0 1 0 0 0 0 1 1.532
1 0 0 0 0 1 1 0 0 0 0 0.846
1 0 0 1 0 1 0 0 1 0 0 0.893
0 1 0 1 0 1 0 0 0 0 0 1.236
1 0 0 1 1 1 0 0 0 0 0 1.891
0 0 0 0 0 1 0 0 1 0 0 1.127
1 0 1 0 0 1 1 0 0 0 1 0.97
0 1 0 0 1 1 0 0 0 0 0 1.423
0 1 0 1 1 1 0 0 0 0 0 1.532
1 1 0 0 0 1 1 0 0 0 0 1.766
1 0 0 1 0 1 0 0 0 0 0 0.986
1 1 1 0 1 1 0 0 0 0 1 2.952
0 1 0 1 0 1 0 0 0 0 0 0.939
0 0 1 0 0 1 0 0 0 0 1 0.939
1 0 0 1 1 1 0 0 0 0 0 1.532
0 0 0 0 0 1 0 0 0 0 0 1.033
1 1 1 0 0 1 0 0 1 0 1 0.892
1 0 1 1 0 1 0 0 0 0 1 1.829
0 0 1 1 0 1 0 0 1 0 1 0.721
1 0 0 1 0 1 1 0 0 0 0 1.064
1 1 1 1 0 1 0 0 0 0 1 0.877
1 1 0 0 0 1 1 0 0 0 0 0.877
1 0 1 1 0 1 1 0 0 0 1 1.361
1 1 1 1 1 1 0 0 0 0 1 2.827
1 0 1 0 0 1 1 0 0 0 1 1.407
1 1 0 1 1 1 0 0 0 0 0 1.407
1 0 0 0 0 1 0 0 1 0 0 0.752
0 0 1 1 1 1 0 0 0 0 1 1.407
1 1 1 0 0 1 0 0 0 0 1 1.096
0 0 1 0 0 1 0 0 1 0 1 0.892
1 1 1 0 0 1 1 0 0 0 1 1.376
1 0 0 0 0 1 1 0 0 0 0 0.892
1 1 0 1 0 1 1 0 0 0 0 1.532
1 0 0 1 0 1 0 0 0 0 0 0.658
1 1 1 1 0 1 0 0 1 0 1 1.017
0 0 1 0 1 1 0 0 0 0 1 1.205
0 1 0 0 1 1 0 0 0 0 0 1.751
1 1 1 1 0 1 1 0 0 0 1 0.986
1 0 0 1 0 1 0 0 1 0 0 1.891
0 1 0 0 0 1 0 0 0 0 0 0.876
0 0 0 0 1 1 0 0 0 0 0 1.095
0 1 0 0 0 1 0 0 1 0 0 1.266
0 1 0 1 0 1 0 0 1 0 0 0.861
0 1 1 1 1 1 0 0 0 0 1 1.36
1 0 0 1 0 1 1 0 0 0 0 2.296
1 0 0 0 0 1 0 0 0 0 0 1.22
0 0 1 0 1 1 0 0 0 0 1 1.844
1 1 0 0 0 1 0 0 0 0 0 1.033
1 1 0 1 0 1 1 0 0 0 0 1.454
1 0 1 0 0 1 0 0 0 0 1 1.344
1 1 0 0 0 1 1 0 0 0 0 2.39
1 0 0 1 0 1 0 0 1 0 0 0.971
1 0 1 0 0 1 1 0 0 0 1 0.97
0 0 0 1 0 1 0 0 0 0 0 0.923
0 1 0 0 0 1 0 0 1 0 0 0.97
0 0 1 1 0 1 0 0 1 0 1 0.814
0 0 1 0 0 1 0 0 1 0 1 0.643
1 1 1 0 0 1 0 0 0 0 1 1.641
1 0 0 0 0 1 0 0 1 0 0 0.924
0 0 1 1 0 1 0 0 0 0 1 0.674
1 1 1 1 0 1 0 0 0 0 1 0.877
0 0 1 1 1 1 0 0 0 0 1 0.799
1 0 1 1 0 1 1 0 0 0 1 0.924
0 0 0 1 1 1 0 0 0 0 0 1.079
0 1 0 1 1 1 0 0 0 0 0 1.469
1 1 1 0 0 1 0 0 1 0 1 0.923
0 1 1 0 0 1 1 0 0 0 1 1.345
0 0 0 0 0 1 1 0 0 0 0 1.22
0 1 0 0 1 1 0 0 0 0 0 1.516
0 1 0 1 0 1 0 0 1 0 0 0.923
1 1 1 1 0 1 0 0 1 0 1 0.721
1 1 1 1 0 1 1 0 0 0 1 1.095
0 0 0 0 1 1 0 0 0 0 0 0.892
1 1 0 1 0 1 0 0 0 0 0 1.516
1 1 1 0 1 1 0 0 0 0 1 1.174
0 1 0 1 1 1 0 0 0 0 0 1.033
1 1 1 1 0 1 0 0 1 0 1 0.737
1 0 0 1 0 1 0 0 1 0 0 0.924
1 1 0 0 0 1 1 0 0 0 0 1.376
1 1 1 1 0 1 1 0 0 0 1 1.033
1 0 0 0 0 1 0 0 0 0 0 1.032
1 0 1 1 1 1 0 0 0 0 1 1.61
1 0 0 0 0 1 1 0 0 0 0 2.593
1 1 0 0 1 1 0 0 0 0 0 3.108
0 0 1 0 0 1 0 0 1 0 1 1.251
1 0 0 1 0 1 1 0 0 0 0 1.876
1 0 1 0 1 1 0 0 0 0 1 2.078
1 1 0 1 0 1 1 0 0 0 0 2.359
0 1 0 1 0 1 0 0 1 0 0 1.22
1 1 1 1 0 1 0 0 0 0 1 1.235
1 1 1 0 0 1 0 0 1 0 1 1.844
0 0 1 1 0 1 0 0 1 0 1 0.814
1 0 0 0 0 1 0 0 1 0 0 1.001
0 0 0 1 1 1 0 0 0 0 0 1.953
1 1 1 0 0 1 0 0 0 0 1 0.861
1 1 1 0 1 1 0 0 0 0 1 1.017
0 0 1 0 0 1 0 0 0 0 1 0.846
1 0 0 1 0 1 0 0 0 0 0 0.877
1 0 1 0 0 1 1 0 0 0 1 0.83
1 1 1 0 0 1 1 0 0 0 1 0.954
1 0 0 0 1 1 0 0 0 0 0 1.017
0 1 0 1 0 1 0 0 0 0 0 1.142
0 0 1 1 0 1 0 0 0 0 1 0.892
0 1 0 0 0 1 0 0 1 0 0 1.439
0 1 1 1 1 1 0 0 0 0 1 0.986
0 1 0 0 0 1 0 0 0 0 0 0.674
1 0 1 1 0 1 1 0 0 0 1 0.97
0 1 1 0 0 1 1 0 0 0 1 0.799
1 0 0 1 0 1 0 0 1 0 0 1.282
0 1 1 1 0 1 1 0 0 0 1 1.501
0 1 0 0 0 1 0 0 0 0 0 0.799
0 1 0 1 0 1 0 0 1 0 0 0.861
0 0 1 0 1 1 0 0 0 0 1 1.095
0 0 1 1 1 1 0 0 0 0 1 0.815
0 1 0 0 1 1 0 0 0 0 0 0.877
1 0 0 0 0 1 0 0 0 0 0 0.893
0 1 0 1 0 1 0 0 0 0 0 0.768
1 0 0 0 1 1 0 0 0 0 0 1.423
0 0 1 1 0 1 1 0 0 0 1 0.737
1 0 0 1 1 1 0 0 0 0 0 1.376
1 1 0 1 1 1 0 0 0 0 0 1.454
0 0 0 0 0 1 1 0 0 0 0 1.048
0 1 0 0 0 1 0 0 1 0 0 1.017
0 0 1 1 0 1 0 0 0 0 1 0.986
1 0 1 0 0 1 1 0 0 0 1 1.563
1 1 1 1 0 1 0 0 1 0 1 0.893
1 1 1 0 1 1 0 0 0 0 1 1.064
1 1 0 1 0 1 1 0 0 0 0 0.83
1 0 0 1 0 1 1 0 0 0 0 1.08
0 0 1 1 0 1 0 0 1 0 1 0.955
1 1 1 1 1 1 0 0 0 0 1 1.485
0 0 1 0 0 1 0 0 0 0 1 0.815
1 0 0 0 0 1 0 0 1 0 0 0.767
1 1 1 0 0 1 0 0 1 0 1 0.753
1 1 1 1 0 1 0 0 0 0 1 0.736
1 1 0 0 0 1 1 0 0 0 0 1.142
0 0 1 0 0 1 0 0 1 0 1 0.846
1 0 0 1 0 1 0 0 0 0 0 1.236
1 1 1 0 0 1 0 0 0 0 1 1.205
1 1 0 1 0 1 0 0 1 0 0 1.345
0 0 1 1 1 1 0 0 0 0 1 2.281
1 1 1 1 1 1 0 0 0 0 1 0.971
0 0 1 1 0 1 1 0 0 0 1 1.579
1 1 1 1 0 1 0 0 1 0 1 0.69
1 1 0 1 1 1 0 0 0 0 0 0.877
1 0 1 0 0 1 1 0 0 0 1 0.861
0 1 0 0 0 1 0 0 1 0 0 0.861
0 1 0 0 0 1 0 0 0 0 0 0.815
0 0 1 0 1 1 0 0 0 0 1 1.251
1 1 1 1 0 1 0 0 0 0 1 0.783
1 0 0 1 0 1 1 0 0 0 0 0.986
1 1 1 0 0 1 0 0 1 0 1 0.799
1 0 0 1 0 1 0 0 0 0 0 1.111
0 1 1 1 0 1 1 0 0 0 1 0.955
0 0 1 1 0 1 0 0 1 0 1 0.83
0 0 0 0 1 1 0 0 0 0 0 1.205
0 1 0 1 0 1 0 0 0 0 0 0.892
1 1 1 0 0 1 1 0 0 0 1 1.033
0 0 0 0 0 1 1 0 0 0 0 1.282
1 1 1 0 0 1 0 0 0 0 1 0.862
0 1 0 0 1 1 0 0 0 0 0 0.892
1 0 0 1 1 1 0 0 0 0 0 1.673
1 1 0 1 0 1 1 0 0 0 0 0.939
1 0 0 0 0 1 0 0 1 0 0 0.861
0 0 1 0 0 1 0 0 0 0 1 0.83
1 0 0 0 0 1 0 0 0 0 0 0.861
1 1 1 0 1 1 0 0 0 0 1 0.986
0 1 0 0 0 1 1 0 0 0 0 1.095
1 0 0 1 0 1 0 0 1 0 0 0.72
0 0 1 1 0 1 0 0 0 0 1 0.83
0 0 1 0 0 1 0 0 1 0 1 0.721
