1 1 1 0 0 1 0 0 0 0 1 1.547
0 1 0 0 0 1 0 0 1 0 0 1.469
0 0 0 1 0 1 0 0 1 0 0 1.891
1 0 0 1 0 1 1 0 0 0 0 1.984
0 0 0 0 0 1 1 0 0 0 0 1.969
0 1 0 0 0 1 0 0 0 0 0 1.922
0 1 1 0 1 1 0 0 0 0 1 2.343
1 1 0 0 1 1 0 0 0 0 0 1.781
0 0 1 0 0 1 1 0 0 0 1 2.171
0 0 0 0 0 1 0 0 1 0 0 2.437
0 0 1 1 1 1 0 0 0 0 1 2.374
0 0 0 0 1 1 0 0 0 0 0 2.171
0 0 0 1 0 1 0 0 0 0 0 1.735
0 0 1 0 1 1 0 0 0 0 1 2.109
0 0 1 1 0 1 0 0 0 0 1 1.766
1 1 1 0 0 1 0 0 1 0 1 1.781
0 0 1 0 0 1 0 0 1 0 1 1.532
0 0 1 1 0 1 1 0 0 0 1 1.828
1 1 0 1 0 1 0 0 0 0 0 2.702
1 1 0 0 0 1 1 0 0 0 0 2.593
0 0 0 0 0 1 0 0 0 0 0 1.766
0 0 0 1 1 1 0 0 0 0 0 2.671
0 1 0 1 0 1 0 0 1 0 0 2.468
0 1 0 1 0 1 1 0 0 0 0 2.39
0 1 1 1 1 1 0 0 0 0 1 2.577
0 0 1 0 0 1 0 0 0 0 1 1.844
0 1 0 1 1 1 0 0 0 0 0 2.343
0 1 1 1 0 1 1 0 0 0 1 2.218
0 0 1 1 0 1 0 0 1 0 1 1.595
1 1 1 1 0 1 0 0 1 0 1 1.781
1 1 1 1 0 1 0 0 0 0 1 2.374
1 1 1 0 0 1 1 0 0 0 1 2.624
0 0 0 0 0 1 1 0 0 0 0 2.047
1 1 0 0 0 1 0 0 0 0 0 2.343
0 0 0 0 0 1 0 0 1 0 0 2.016
0 1 0 1 0 1 0 0 1 0 0 2.032
1 1 1 0 0 1 0 0 0 0 1 2.172
0 0 0 1 0 1 1 0 0 0 0 2.172
0 0 0 1 1 1 0 0 0 0 0 2.016
0 1 0 1 0 1 1 0 0 0 0 2.265
0 0 1 1 0 1 0 0 1 0 1 1.688
0 0 1 0 0 1 1 0 0 0 1 2.546
0 1 1 1 0 1 1 0 0 0 1 2.64
1 1 1 0 1 1 0 0 0 0 1 2.515
1 1 0 0 0 1 1 0 0 0 0 2.499
0 0 1 1 0 1 0 0 0 0 1 2.468
0 0 1 1 1 1 0 0 0 0 1 2.343
0 0 1 0 0 1 0 0 1 0 1 1.47
0 1 0 1 1 1 0 0 0 0 0 2.266
1 0 0 0 0 1 0 0 0 0 0 2.515
0 1 0 0 0 1 0 0 1 0 0 2.281
0 1 1 1 1 1 0 0 0 0 1 2.375
0 0 1 0 0 1 0 0 0 0 1 2.39
1 1 1 1 0 1 0 0 0 0 1 2.28
0 1 0 0 1 1 0 0 0 0 0 2.063
0 0 1 0 1 1 0 0 0 0 1 1.797
0 0 1 1 0 1 1 0 0 0 1 2.452
1 0 0 0 1 1 0 0 0 0 0 1.408
0 1 1 0 0 1 1 0 0 0 1 1.984
1 0 0 1 0 1 0 0 0 0 0 2.764
1 1 1 1 0 1 0 0 1 0 1 1.859
0 1 0 1 0 1 0 0 0 0 0 2.078
1 1 1 0 0 1 0 0 1 0 1 1.329
1 0 0 1 0 1 0 0 1 0 0 2.905
0 1 0 0 0 1 1 0 0 0 0 2.141
1 1 1 1 1 1 0 0 0 0 1 2.749
1 0 0 0 0 1 0 0 0 0 0 2.749
0 1 0 1 0 1 0 0 1 0 0 3.06
0 0 1 1 0 1 1 0 0 0 1 2.889
0 1 1 0 0 1 1 0 0 0 1 2.921
1 1 1 0 0 1 0 0 0 0 1 2.64
0 0 0 0 1 1 0 0 0 0 0 2.577
0 0 0 1 0 1 0 0 1 0 0 2.796
0 1 0 0 0 1 0 0 1 0 0 1.953
0 0 0 1 1 1 0 0 0 0 0 2.297
1 1 1 1 0 1 0 0 0 0 1 1.875
0 0 1 1 0 1 0 0 0 0 1 1.922
1 1 1 1 0 1 0 0 1 0 1 1.984
0 1 0 0 0 1 0 0 0 0 0 2.702
0 0 1 1 0 1 0 0 1 0 1 2.811
0 0 1 0 1 1 0 0 0 0 1 2.795
0 0 1 0 0 1 1 0 0 0 1 2.733
0 0 1 0 0 1 0 0 1 0 1 1.907
0 0 0 1 0 1 1 0 0 0 0 1.829
0 1 0 1 0 1 0 0 0 0 0 2
1 1 1 0 0 1 0 0 1 0 1 0.971
0 1 1 1 0 1 1 0 0 0 1 2.453
0 0 0 0 0 1 1 0 0 0 0 2.281
0 1 0 0 1 1 0 0 0 0 0 2.25
1 0 0 0 0 1 0 0 1 0 0 1.657
1 0 1 1 1 1 0 0 0 0 1 2.14
0 0 0 1 0 1 0 0 0 0 0 2.515
0 1 1 0 1 1 0 0 0 0 1 2.374
1 1 0 1 0 1 1 0 0 0 0 2.687
1 1 0 1 1 1 0 0 0 0 0 2.219
0 0 1 0 0 1 0 0 0 0 1 1.86
1 1 1 0 0 1 0 0 1 0 1 1.641
0 0 0 1 0 1 0 0 1 0 0 2.125
0 0 0 1 0 1 0 0 0 0 0 1.735
0 0 1 0 0 1 0 0 0 0 1 2.109
0 0 0 0 0 1 0 0 0 0 0 2.359
0 0 1 1 1 1 0 0 0 0 1 2.796
1 1 1 0 0 1 0 0 0 0 1 2.936
0 1 0 0 1 1 0 0 0 0 0 2.203
1 1 0 1 0 1 0 0 1 0 0 3.029
1 0 0 0 0 1 0 0 1 0 0 2.514
0 1 0 1 0 1 0 0 0 0 0 3.139
1 1 1 0 1 1 0 0 0 0 1 2.406
1 1 0 0 0 1 1 0 0 0 0 3.014
0 0 1 1 0 1 0 0 0 0 1 2.936
0 1 1 1 0 1 1 0 0 0 1 2.718
0 0 1 1 0 1 0 0 1 0 1 2.281
1 1 0 1 1 1 0 0 0 0 0 2.453
1 0 0 0 0 1 1 0 0 0 0 2.515
0 1 1 1 0 1 0 0 0 0 1 2.765
0 0 1 0 0 1 0 0 1 0 1 1.688
0 0 0 0 1 1 0 0 0 0 0 2.593
0 1 0 1 0 1 1 0 0 0 0 2.717
1 1 1 1 0 1 0 0 1 0 1 1.313
1 0 1 0 0 1 1 0 0 0 1 2.046
0 1 1 1 1 1 0 0 0 0 1 2.811
0 0 0 1 0 1 1 0 0 0 0 2.437
1 1 0 0 0 1 0 0 0 0 0 2.437
0 0 0 1 1 1 0 0 0 0 0 2.11
0 1 1 0 0 1 1 0 0 0 1 1.86
0 0 1 0 1 1 0 0 0 0 1 1.906
0 1 0 0 0 1 0 0 1 0 0 1.017
0 0 1 1 0 1 1 0 0 0 1 2.25
0 0 1 0 0 1 1 0 0 0 1 1.766
0 0 1 0 0 1 0 0 0 0 1 2.328
0 0 0 1 1 1 0 0 0 0 0 2.031
0 0 0 1 0 1 1 0 0 0 0 2.748
1 1 1 0 1 1 0 0 0 0 1 2.422
0 0 1 1 0 1 0 0 0 0 1 1.86
0 1 0 0 0 1 0 0 1 0 0 1.423
1 0 1 0 1 1 0 0 0 0 1 2.593
0 1 0 1 1 1 0 0 0 0 0 2.093
0 0 0 0 0 1 1 0 0 0 0 2.046
0 0 1 1 0 1 0 0 1 0 1 2.125
0 0 0 0 1 1 0 0 0 0 0 2.14
1 1 1 1 0 1 0 0 0 0 1 2.344
0 0 1 1 1 1 0 0 0 0 1 2.437
1 1 0 1 0 1 1 0 0 0 0 2.484
0 0 1 0 0 1 0 0 1 0 1 1.142
0 0 1 1 0 1 1 0 0 0 1 1.984
1 1 1 0 0 1 0 0 1 0 1 0.862
0 1 0 1 0 1 0 0 1 0 0 1.672
1 0 0 1 0 1 0 0 1 0 0 2.733
0 1 0 0 0 1 1 0 0 0 0 1.657
1 1 1 1 0 1 1 0 0 0 1 2.733
1 1 1 1 0 1 0 0 1 0 1 1.891
0 1 0 0 0 1 0 0 0 0 0 2.656
1 0 0 0 0 1 0 0 0 0 0 2.718
1 1 0 0 1 1 0 0 0 0 0 1.641
1 0 0 0 0 1 0 0 1 0 0 2
0 0 0 1 0 1 0 0 0 0 0 2.406
1 1 1 1 1 1 0 0 0 0 1 2.265
0 1 1 0 0 1 1 0 0 0 1 2.468
0 1 0 1 0 1 0 0 0 0 0 2.312
1 1 1 0 0 1 0 0 0 0 1 2.53
0 1 0 1 0 1 0 0 0 0 0 1.875
0 1 0 0 0 1 0 0 1 0 0 1.594
0 1 1 0 0 1 1 0 0 0 1 1.859
0 1 0 0 0 1 1 0 0 0 0 1.688
1 1 1 1 0 1 0 0 0 0 1 2.312
1 1 0 1 0 1 1 0 0 0 0 2.39
1 0 1 0 1 1 0 0 0 0 1 1.922
1 0 0 1 0 1 0 0 0 0 0 2.468
0 0 1 1 0 1 1 0 0 0 1 1.844
1 1 1 0 0 1 0 0 0 0 1 1.782
0 1 0 0 0 1 0 0 0 0 0 2.047
0 0 1 1 0 1 0 0 1 0 1 1.844
0 0 1 1 1 1 0 0 0 0 1 1.641
0 0 0 1 0 1 0 0 1 0 0 2.312
0 0 0 1 1 1 0 0 0 0 0 1.922
1 1 0 0 1 1 0 0 0 0 0 1.844
0 0 1 0 0 1 1 0 0 0 1 1.828
1 1 1 0 1 1 0 0 0 0 1 1.751
0 1 0 1 1 1 0 0 0 0 0 2.219
1 1 1 1 0 1 0 0 1 0 1 1.86
1 0 0 0 1 1 0 0 0 0 0 2.234
1 0 0 0 0 1 0 0 1 0 0 1.86
1 0 0 0 0 1 0 0 0 0 0 2.422
0 0 1 0 0 1 0 0 1 0 1 2.203
1 1 1 1 1 1 0 0 0 0 1 2.032
0 0 0 1 0 1 1 0 0 0 0 2.702
1 1 1 1 0 1 1 0 0 0 1 2.968
0 0 0 0 0 1 1 0 0 0 0 2.484
1 1 1 0 0 1 0 0 1 0 1 2.094
0 0 1 1 0 1 0 0 0 0 1 3.123
0 0 1 0 0 1 0 0 0 0 1 2.156
0 1 0 1 0 1 0 0 1 0 0 2.436
0 0 1 0 0 1 0 0 0 0 1 1.828
0 1 0 0 0 1 0 0 0 0 0 1.953
0 0 1 0 0 1 0 0 1 0 1 1.985
0 0 1 1 0 1 1 0 0 0 1 2.905
0 1 0 1 0 1 1 0 0 0 0 2.421
0 1 0 1 0 1 0 0 1 0 0 1.907
1 1 1 1 1 1 0 0 0 0 1 2.375
0 0 0 1 1 1 0 0 0 0 0 2.265
0 1 0 0 1 1 0 0 0 0 0 2.764
1 0 0 0 0 1 1 0 0 0 0 2.656
0 0 1 1 0 1 0 0 1 0 1 2.468
0 0 0 1 0 1 0 0 0 0 0 2.812
1 0 0 0 1 1 0 0 0 0 0 2.421
1 1 1 1 0 1 0 0 1 0 1 1.735
0 0 1 1 0 1 0 0 0 0 1 2.484
1 0 1 1 1 1 0 0 0 0 1 2.405
1 1 0 1 0 1 0 0 0 0 0 2.187
1 1 1 0 0 1 1 0 0 0 1 1.719
0 1 1 1 0 1 1 0 0 0 1 2.405
1 0 0 0 0 1 0 0 0 0 0 2.827
0 0 0 1 0 1 1 0 0 0 0 2.14
0 0 0 0 0 1 0 0 1 0 0 2.671
0 0 0 1 0 1 0 0 1 0 0 2.156
1 1 1 0 0 1 0 0 0 0 1 2.11
1 1 1 1 0 1 0 0 0 0 1 2.031
0 0 1 0 0 1 1 0 0 0 1 1.984
1 1 1 0 0 1 0 0 1 0 1 1.642
1 1 1 0 1 1 0 0 0 0 1 1.563
1 1 0 0 0 1 1 0 0 0 0 2.764
0 0 1 0 1 1 0 0 0 0 1 2.5
0 1 0 0 0 1 0 0 1 0 0 1.563
0 1 0 1 1 1 0 0 0 0 0 2.093
0 0 1 0 0 1 0 0 1 0 1 1.672
0 0 1 0 0 1 1 0 0 0 1 1.985
1 0 0 0 0 1 0 0 1 0 0 1.548
0 0 1 1 1 1 0 0 0 0 1 1.797
0 1 1 1 1 1 0 0 0 0 1 1.735
1 1 1 1 0 1 1 0 0 0 1 2.608
0 0 1 1 0 1 0 0 0 0 1 1.984
0 0 0 1 0 1 1 0 0 0 0 2.171
0 0 1 0 1 1 0 0 0 0 1 2.218
0 1 1 0 0 1 1 0 0 0 1 2.265
1 1 1 0 0 1 0 0 0 0 1 2.359
1 0 0 0 0 1 1 0 0 0 0 1.922
1 1 0 0 0 1 1 0 0 0 0 1.625
0 0 1 0 0 1 0 0 0 0 1 1.969
1 1 1 0 1 1 0 0 0 0 1 1.86
0 1 0 0 0 1 0 0 0 0 0 2.406
0 0 0 0 1 1 0 0 0 0 0 1.75
0 0 0 0 0 1 0 0 0 0 0 2.499
1 1 0 1 1 1 0 0 0 0 0 2.28
0 1 0 0 0 1 0 0 1 0 0 2.546
1 1 0 0 1 1 0 0 0 0 0 2.281
0 0 0 1 1 1 0 0 0 0 0 3.061
0 0 0 1 0 1 0 0 0 0 0 2.312
1 1 1 0 0 1 0 0 1 0 1 1.485
0 1 0 1 0 1 0 0 0 0 0 1.781
1 1 0 1 0 1 0 0 1 0 0 2.639
1 1 0 1 0 1 1 0 0 0 0 2.843
0 0 1 1 0 1 1 0 0 0 1 2.125
0 0 1 1 0 1 0 0 1 0 1 1.751
1 1 1 1 0 1 0 0 0 0 1 2.624
1 1 1 1 0 1 0 0 1 0 1 1.532
0 0 0 1 0 1 0 0 1 0 0 2.671
1 1 1 0 0 1 0 0 1 0 1 1.595
1 1 0 1 0 1 0 0 0 0 0 2.515
1 1 0 1 1 1 0 0 0 0 0 2.843
1 1 0 1 0 1 0 0 1 0 0 2.562
0 0 1 1 0 1 0 0 0 0 1 2.515
1 1 1 1 0 1 0 0 0 0 1 1.954
1 0 0 0 1 1 0 0 0 0 0 2.39
1 0 0 0 0 1 1 0 0 0 0 2.219
1 1 1 0 0 1 0 0 0 0 1 2.873
0 0 1 1 0 1 0 0 1 0 1 2.171
1 0 1 0 0 1 1 0 0 0 1 2.234
0 1 0 1 0 1 1 0 0 0 0 2.609
0 0 0 1 0 1 0 0 1 0 0 2.296
1 1 1 1 1 1 0 0 0 0 1 1.75
1 1 0 0 0 1 0 0 1 0 0 2.811
0 0 1 1 0 1 1 0 0 0 1 2.452
0 1 0 0 0 1 0 0 0 0 0 2.171
1 1 0 0 1 1 0 0 0 0 0 2.514
0 0 1 1 1 1 0 0 0 0 1 1.922
1 0 0 0 0 1 0 0 0 0 0 2.328
1 1 1 0 1 1 0 0 0 0 1 2.031
0 0 1 0 0 1 0 0 0 0 1 2.234
1 0 1 0 1 1 0 0 0 0 1 2.421
0 0 0 1 0 1 1 0 0 0 0 2.53
0 0 0 1 1 1 0 0 0 0 0 2.078
1 1 1 0 0 1 1 0 0 0 1 2.078
1 1 1 1 0 1 0 0 1 0 1 2.046
1 1 0 0 0 1 1 0 0 0 0 2.249
0 0 0 1 0 1 0 0 0 0 0 2.764
1 0 0 0 0 1 0 0 1 0 0 2.046
0 0 1 0 0 1 0 0 1 0 1 2.218
0 1 1 1 0 1 1 0 0 0 1 2.624
0 1 0 1 0 1 0 0 1 0 0 2.624
0 0 0 1 0 1 1 0 0 0 0 2.109
1 0 0 0 1 1 0 0 0 0 0 1.236
0 0 1 1 1 1 0 0 0 0 1 2.343
1 1 0 0 0 1 1 0 0 0 0 2.032
1 1 1 1 0 1 0 0 1 0 1 2.218
1 1 1 1 1 1 0 0 0 0 1 2.171
0 1 1 1 0 1 1 0 0 0 1 2.312
0 0 1 0 0 1 0 0 0 0 1 1.672
0 1 0 0 0 1 0 0 1 0 0 2.328
1 1 0 1 1 1 0 0 0 0 0 2.218
0 0 1 1 0 1 1 0 0 0 1 2.296
1 0 0 0 0 1 1 0 0 0 0 1.954
1 1 1 0 0 1 1 0 0 0 1 2.156
1 0 1 0 1 1 0 0 0 0 1 1.642
1 0 0 0 0 1 0 0 0 0 0 2.546
0 0 0 1 1 1 0 0 0 0 0 1.751
1 1 0 1 0 1 0 0 0 0 0 2.437
0 0 1 0 0 1 0 0 1 0 1 2.078
0 1 0 0 0 1 0 0 0 0 0 2.109
0 1 0 1 0 1 1 0 0 0 0 2.702
0 0 0 1 0 1 0 0 1 0 0 2.671
1 0 1 0 0 1 1 0 0 0 1 1.439
1 0 0 0 0 1 0 0 1 0 0 1.891
1 1 1 0 1 1 0 0 0 0 1 2.406
1 1 1 0 0 1 0 0 0 0 1 2.031
0 0 1 1 0 1 0 0 0 0 1 2.249
0 0 0 1 0 1 0 0 0 0 0 2.359
1 1 0 0 1 1 0 0 0 0 0 1.984
0 0 1 1 0 1 0 0 1 0 1 2.093
1 1 1 0 0 1 0 0 1 0 1 1.267
1 1 1 1 0 1 0 0 0 0 1 2.749
