1 1 0 0 1 1 0 0 0 0 0 1.688
0 1 0 1 0 1 0 0 0 0 0 0.877
1 0 1 0 0 1 0 0 1 0 1 0.658
0 1 0 1 0 1 0 0 1 0 0 0.97
1 1 1 1 0 1 0 0 1 0 1 0.705
1 0 0 0 0 1 0 0 1 0 0 0.705
1 1 1 0 0 1 0 0 1 0 1 0.674
1 1 1 0 0 1 0 0 0 0 1 1.532
1 1 0 0 0 1 0 0 0 0 0 3.029
0 1 1 1 0 1 0 0 0 0 1 1.672
0 0 0 1 0 1 1 0 0 0 0 1.937
0 0 1 0 1 1 0 0 0 0 1 0.892
0 1 0 0 0 1 0 0 1 0 0 1.049
1 0 0 0 0 1 0 0 0 0 0 0.908
1 1 0 0 0 1 1 0 0 0 0 0.69
1 0 0 0 1 1 0 0 0 0 0 1.548
1 1 0 1 0 1 1 0 0 0 0 2.921
1 1 1 0 0 1 1 0 0 0 1 1.22
0 0 1 1 0 1 0 0 1 0 1 1.298
1 1 1 0 1 1 0 0 0 0 1 0.939
1 0 1 0 0 1 0 0 0 0 1 0.689
0 0 0 1 0 1 0 0 0 0 0 1.22
0 0 1 1 0 1 0 0 0 0 1 0.908
1 1 0 1 1 1 0 0 0 0 0 1.548
1 1 1 1 1 1 0 0 0 0 1 0.971
0 0 1 1 1 1 0 0 0 0 1 0.939
0 0 1 1 0 1 1 0 0 0 1 2.218
0 0 0 1 1 1 0 0 0 0 0 0.69
1 0 1 0 0 1 1 0 0 0 1 1.408
0 0 0 1 0 1 0 0 1 0 0 2.187
1 0 0 0 0 1 1 0 0 0 0 1.906
1 1 1 1 0 1 1 0 0 0 1 2.016
0 0 1 1 0 1 1 0 0 0 1 1.001
0 0 0 0 0 1 1 0 0 0 0 2.561
1 0 0 1 0 1 0 0 1 0 0 1.033
1 0 1 0 0 1 1 0 0 0 1 1.36
1 1 1 0 1 1 0 0 0 0 1 2.593
0 0 1 1 0 1 0 0 1 0 1 1.953
0 1 0 1 1 1 0 0 0 0 0 1.017
0 1 0 1 0 1 0 0 0 0 0 1.906
0 0 0 0 1 1 0 0 0 0 0 1.142
1 0 1 0 0 1 0 0 0 0 1 1.142
1 0 0 1 0 1 0 0 0 0 0 0.908
1 1 0 0 1 1 0 0 0 0 0 2.452
1 1 0 0 0 1 0 0 0 0 0 2.015
1 1 0 0 0 1 1 0 0 0 0 0.798
1 0 1 1 1 1 0 0 0 0 1 2.031
1 1 0 1 0 1 0 0 1 0 0 1.283
1 1 1 1 0 1 0 0 1 0 1 1.719
0 0 1 1 0 1 0 0 0 0 1 0.923
1 0 0 1 0 1 1 0 0 0 0 0.83
0 0 1 0 1 1 0 0 0 0 1 1.235
0 1 0 0 0 1 0 0 1 0 0 0.923
0 0 1 0 0 1 0 0 1 0 1 0.58
1 1 1 0 0 1 0 0 1 0 1 0.767
1 1 1 1 0 1 0 0 0 0 1 0.736
1 1 1 0 0 1 1 0 0 0 1 0.643
1 1 1 0 0 1 0 0 0 0 1 0.471
0 0 0 1 1 1 0 0 0 0 0 1.111
1 1 1 1 0 1 1 0 0 0 1 0.69
1 1 1 1 1 1 0 0 0 0 1 1.548
1 0 0 0 0 1 0 0 0 0 0 0.721
1 0 0 0 0 1 0 0 1 0 0 0.72
0 1 0 1 0 1 1 0 0 0 0 0.643
0 0 1 0 1 1 0 0 0 0 1 0.939
1 0 0 0 0 1 0 0 1 0 0 0.783
1 1 1 1 0 1 0 0 1 0 1 0.643
1 1 0 1 0 1 1 0 0 0 0 2.936
0 0 1 1 0 1 1 0 0 0 1 2.171
1 1 0 0 0 1 0 0 0 0 0 1.376
0 1 1 1 0 1 1 0 0 0 1 2.811
1 1 1 0 0 1 1 0 0 0 1 0.565
0 0 1 1 0 1 0 0 0 0 1 1.267
0 1 1 0 0 1 0 0 1 0 1 0.924
0 0 1 0 0 1 0 0 1 0 1 0.877
0 0 0 1 1 1 0 0 0 0 0 2.312
0 0 1 1 1 1 0 0 0 0 1 2.484
1 1 0 0 1 1 0 0 0 0 0 2.312
0 0 0 0 0 1 1 0 0 0 0 0.877
1 1 0 0 0 1 1 0 0 0 0 1.017
1 0 0 1 0 1 0 0 1 0 0 1.485
0 0 0 0 1 1 0 0 0 0 0 1.954
0 0 1 1 0 1 0 0 1 0 1 1.329
1 1 1 1 1 1 0 0 0 0 1 1.313
1 0 1 0 0 1 0 0 0 0 1 3.06
1 0 0 1 0 1 0 0 0 0 0 0.752
0 1 0 0 0 1 0 0 1 0 0 0.83
1 0 1 0 0 1 1 0 0 0 1 0.627
1 1 1 1 0 1 0 0 0 0 1 0.627
1 1 1 0 0 1 0 0 0 0 1 0.612
0 0 0 1 0 1 1 0 0 0 0 1.36
1 1 1 0 1 1 0 0 0 0 1 0.814
0 1 0 1 0 1 0 0 0 0 0 1.688
0 1 0 1 1 1 0 0 0 0 0 0.908
0 1 0 1 0 1 0 0 1 0 0 0.736
0 0 0 0 0 1 0 0 0 0 0 0.908
1 1 1 1 0 1 1 0 0 0 1 1.656
0 1 1 1 0 1 0 0 0 0 1 2.608
0 0 1 0 0 1 0 0 0 0 1 1.001
0 0 1 1 0 1 0 0 1 0 1 1.126
0 1 0 1 0 1 0 0 1 0 0 1.61
0 1 0 0 0 1 0 0 1 0 0 0.799
0 1 0 1 0 1 0 0 0 0 0 0.908
1 1 1 1 1 1 0 0 0 0 1 2.266
0 1 0 1 0 1 1 0 0 0 0 1.454
1 1 1 0 0 1 0 0 1 0 1 0.799
0 0 1 0 1 1 0 0 0 0 1 0.971
1 1 1 1 0 1 0 0 1 0 1 1.111
1 0 0 1 0 1 0 0 0 0 0 0.737
1 0 0 0 0 1 0 0 1 0 0 0.737
0 0 1 1 1 1 0 0 0 0 1 2.094
1 1 0 0 0 1 0 0 0 0 0 1.672
0 1 0 0 1 1 0 0 0 0 0 2.53
0 0 0 1 1 1 0 0 0 0 0 0.752
1 0 0 1 0 1 0 0 1 0 0 0.846
1 0 1 0 0 1 1 0 0 0 1 0.768
1 1 0 0 0 1 1 0 0 0 0 1.36
1 1 0 1 1 1 0 0 0 0 0 1.189
1 1 1 0 1 1 0 0 0 0 1 0.955
1 1 1 0 0 1 0 0 0 0 1 0.534
0 0 1 1 0 1 1 0 0 0 1 3.139
1 1 1 0 0 1 1 0 0 0 1 0.862
1 0 0 1 0 1 1 0 0 0 0 2.92
1 0 0 0 0 1 1 0 0 0 0 0.628
0 0 0 0 1 1 0 0 0 0 0 0.939
1 0 0 0 0 1 0 0 0 0 0 0.892
0 0 1 1 0 1 0 0 0 0 1 0.908
0 0 1 0 0 1 0 0 1 0 1 0.674
0 1 0 1 0 1 0 0 1 0 0 0.643
0 1 0 0 0 1 0 0 1 0 0 1.111
1 0 0 1 1 1 0 0 0 0 0 1.11
0 0 1 0 0 1 0 0 1 0 1 0.752
0 1 0 1 0 1 0 0 0 0 0 0.627
1 1 1 1 1 1 0 0 0 0 1 0.877
1 1 1 0 0 1 0 0 1 0 1 0.783
1 0 1 0 0 1 1 0 0 0 1 0.737
1 1 1 0 1 1 0 0 0 0 1 0.83
1 1 1 0 0 1 1 0 0 0 1 0.877
1 1 0 1 0 1 1 0 0 0 0 0.923
1 1 1 1 0 1 1 0 0 0 1 1.906
1 0 1 0 0 1 0 0 0 0 1 0.58
0 0 0 1 0 1 1 0 0 0 0 2
1 0 0 0 1 1 0 0 0 0 0 1.22
1 0 0 0 0 1 1 0 0 0 0 0.83
1 1 0 0 0 1 1 0 0 0 0 2.203
1 0 1 1 1 1 0 0 0 0 1 2.78
1 0 0 1 0 1 0 0 0 0 0 0.83
0 0 1 1 0 1 0 0 1 0 1 0.705
0 1 0 1 1 1 0 0 0 0 0 0.923
0 0 1 0 1 1 0 0 0 0 1 0.752
1 0 0 0 0 1 0 0 1 0 0 1.095
0 0 1 1 0 1 0 0 0 0 1 1.096
1 1 1 0 0 1 0 0 0 0 1 1.407
0 1 0 0 1 1 0 0 0 0 0 0.721
0 0 0 1 0 1 0 0 1 0 0 1.08
1 1 1 1 0 1 0 0 0 0 1 0.861
1 1 0 0 0 1 0 0 0 0 0 0.83
1 0 0 0 0 1 0 0 0 0 0 0.845
0 1 1 1 0 1 0 0 1 0 1 2.686
1 0 1 1 0 1 1 0 0 0 1 0.94
0 1 0 0 0 1 0 0 1 0 0 0.674
1 0 1 0 0 1 1 0 0 0 1 0.69
0 0 1 0 0 1 0 0 1 0 1 0.768
1 1 1 1 0 1 0 0 0 0 1 0.69
0 0 1 1 0 1 0 0 0 0 1 0.705
1 0 0 0 0 1 0 0 1 0 0 0.814
0 0 1 1 0 1 0 0 1 0 1 0.845
1 0 0 1 1 1 0 0 0 0 0 1.064
1 1 1 0 0 1 0 0 1 0 1 0.612
1 1 0 0 0 1 1 0 0 0 0 1.36
0 0 0 0 0 1 1 0 0 0 0 1.641
0 1 0 0 1 1 0 0 0 0 0 2.156
1 1 0 1 0 1 1 0 0 0 0 1.329
1 1 1 1 1 1 0 0 0 0 1 1.532
0 1 1 1 0 1 1 0 0 0 1 1.501
1 1 1 0 1 1 0 0 0 0 1 0.939
0 0 1 0 0 1 0 0 0 0 1 1.033
1 0 0 0 1 1 0 0 0 0 0 0.939
1 0 0 0 0 1 0 0 0 0 0 0.767
0 1 0 0 0 1 0 0 0 0 0 1.204
0 1 0 1 0 1 0 0 0 0 0 1.033
1 1 1 1 0 1 0 0 1 0 1 0.876
1 1 1 0 0 1 0 0 0 0 1 0.736
0 0 1 1 0 1 1 0 0 0 1 1.266
1 0 0 1 0 1 0 0 1 0 0 1.47
1 0 0 1 0 1 0 0 0 0 0 0.83
0 0 0 1 0 1 1 0 0 0 0 1.111
0 0 1 0 1 1 0 0 0 0 1 0.752
0 1 0 1 0 1 0 0 1 0 0 1.001
1 1 0 1 1 1 0 0 0 0 0 1.469
1 1 1 0 0 1 1 0 0 0 1 0.815
1 0 1 1 1 1 0 0 0 0 1 2.265
0 1 0 0 0 1 0 0 0 0 0 1.486
1 0 0 0 0 1 0 0 0 0 0 0.736
1 1 0 1 0 1 1 0 0 0 0 0.97
0 0 1 1 0 1 0 0 1 0 1 0.845
0 0 1 1 0 1 1 0 0 0 1 2.374
1 1 1 1 0 1 0 0 0 0 1 0.752
1 1 0 0 1 1 0 0 0 0 0 0.877
0 1 0 1 0 1 0 0 0 0 0 2.265
1 1 1 1 1 1 0 0 0 0 1 1.547
0 1 1 0 0 1 1 0 0 0 1 0.83
0 1 0 1 0 1 0 0 1 0 0 1.111
0 0 1 0 0 1 0 0 0 0 1 3.123
0 0 1 1 0 1 0 0 0 0 1 0.767
1 0 0 0 0 1 0 0 1 0 0 0.939
1 0 0 0 1 1 0 0 0 0 0 1.049
1 0 0 1 0 1 0 0 1 0 0 0.736
0 1 1 0 0 1 0 0 0 0 1 1.017
0 0 1 1 1 1 0 0 0 0 1 1.782
1 1 1 1 0 1 1 0 0 0 1 0.768
1 1 1 1 0 1 0 0 1 0 1 0.768
1 0 0 1 0 1 0 0 0 0 0 0.986
1 0 0 0 0 1 1 0 0 0 0 1.001
0 0 1 0 0 1 0 0 1 0 1 0.799
0 0 0 1 0 1 1 0 0 0 0 2.25
0 1 0 0 0 1 0 0 1 0 0 0.705
1 0 1 0 0 1 1 0 0 0 1 1.844
0 0 1 0 1 1 0 0 0 0 1 0.83
1 1 1 0 0 1 0 0 1 0 1 0.768
1 1 0 0 0 1 1 0 0 0 0 1.002
1 1 0 1 1 1 0 0 0 0 0 1.298
1 1 1 0 1 1 0 0 0 0 1 0.674
0 0 0 1 1 1 0 0 0 0 0 2.265
1 1 1 1 0 1 0 0 0 0 1 0.767
1 1 1 1 1 1 0 0 0 0 1 0.72
1 1 0 1 0 1 1 0 0 0 0 1.579
0 0 1 1 0 1 0 0 0 0 1 0.767
0 0 1 1 0 1 1 0 0 0 1 2.78
0 0 1 0 0 1 0 0 1 0 1 0.69
1 0 0 1 0 1 1 0 0 0 0 1.298
0 1 0 0 1 1 0 0 0 0 0 0.721
1 0 0 0 0 1 0 0 0 0 0 1.922
1 0 0 1 0 1 0 0 0 0 0 0.642
1 0 0 1 1 1 0 0 0 0 0 0.721
1 0 1 0 0 1 0 0 0 0 1 0.674
1 0 0 1 0 1 0 0 1 0 0 0.674
1 1 0 1 1 1 0 0 0 0 0 0.986
1 1 0 1 0 1 0 0 0 0 0 1.064
0 1 0 0 0 1 0 0 1 0 0 0.939
1 0 1 1 1 1 0 0 0 0 1 2.203
0 0 1 0 0 1 1 0 0 0 1 1.766
1 1 1 0 1 1 0 0 0 0 1 0.784
0 1 0 1 0 1 0 0 1 0 0 0.783
0 0 1 1 0 1 0 0 1 0 1 0.893
1 1 1 0 0 1 0 0 0 0 1 0.643
0 0 1 0 1 1 0 0 0 0 1 0.721
1 0 0 0 1 1 0 0 0 0 0 1.033
1 1 0 0 0 1 1 0 0 0 0 0.861
1 1 0 0 0 1 0 0 0 0 0 0.768
1 0 0 0 0 1 0 0 1 0 0 0.768
1 1 1 1 0 1 0 0 1 0 1 0.783
1 1 1 1 0 1 1 0 0 0 1 0.721
0 0 0 0 0 1 1 0 0 0 0 0.939
1 1 1 0 0 1 1 0 0 0 1 1.064
1 1 1 0 0 1 0 0 1 0 1 0.861
1 1 0 0 1 1 0 0 0 0 0 0.814
1 1 1 0 1 1 0 0 0 0 1 0.611
1 0 1 0 0 1 1 0 0 0 1 0.642
1 0 1 0 1 1 0 0 0 0 1 0.627
1 0 1 1 0 1 0 0 0 0 1 0.612
0 1 0 1 0 1 0 0 1 0 0 0.815
0 1 0 1 0 1 1 0 0 0 0 1.423
1 0 0 1 0 1 0 0 0 0 0 0.628
1 1 0 0 0 1 0 0 0 0 0 0.627
1 1 1 1 1 1 0 0 0 0 1 0.767
1 0 0 1 0 1 0 0 1 0 0 0.83
0 1 1 1 0 1 1 0 0 0 1 1.236
0 0 1 0 0 1 0 0 1 0 1 0.69
0 1 0 0 0 1 1 0 0 0 0 1.376
1 0 0 0 1 1 0 0 0 0 0 0.784
0 0 1 1 1 1 0 0 0 0 1 1.158
1 1 1 0 0 1 0 0 1 0 1 0.783
1 0 1 0 0 1 0 0 0 0 1 1.361
1 0 0 0 0 1 0 0 1 0 0 0.846
1 1 1 0 0 1 1 0 0 0 1 0.846
0 1 0 1 0 1 0 0 0 0 0 2.031
1 0 0 1 1 1 0 0 0 0 0 1.547
0 0 0 0 0 1 1 0 0 0 0 0.798
0 1 1 1 0 1 0 0 0 0 1 2.811
1 1 1 0 0 1 0 0 0 0 1 0.924
0 1 0 0 0 1 0 0 1 0 0 0.752
0 1 0 1 1 1 0 0 0 0 0 1.235
1 0 0 1 0 1 1 0 0 0 0 1.719
1 0 0 0 0 1 0 0 0 0 0 0.565
0 0 1 1 0 1 0 0 1 0 1 0.783
1 1 1 1 0 1 0 0 1 0 1 0.69
0 0 1 1 0 1 1 0 0 0 1 0.986
0 0 0 1 0 1 1 0 0 0 0 1.33
1 0 1 0 0 1 1 0 0 0 1 0.736
0 1 0 1 0 1 0 0 0 0 0 0.705
1 0 0 0 0 1 0 0 1 0 0 0.83
0 0 1 1 0 1 0 0 1 0 1 0.643
1 1 0 1 0 1 1 0 0 0 0 0.846
1 0 0 0 1 1 0 0 0 0 0 0.736
1 1 1 0 0 1 1 0 0 0 1 0.689
1 0 1 1 0 1 0 0 0 0 1 0.892
1 1 1 1 0 1 0 0 1 0 1 0.627
1 1 1 1 0 1 0 0 0 0 1 0.893
1 1 0 1 1 1 0 0 0 0 0 0.736
1 1 0 0 1 1 0 0 0 0 0 0.627
1 1 0 0 0 1 1 0 0 0 0 1.954
0 0 1 0 0 1 0 0 0 0 1 1.126
0 0 1 0 0 1 0 0 1 0 1 0.861
0 0 1 0 1 1 0 0 0 0 1 0.69
0 1 1 0 1 1 0 0 0 0 1 0.721
1 0 0 1 0 1 0 0 0 0 0 0.861
0 1 0 0 0 1 0 0 0 0 0 1.002
0 0 0 1 1 1 0 0 0 0 0 1.719
1 1 1 0 0 1 0 0 0 0 1 0.721
1 0 0 1 0 1 0 0 1 0 0 0.674
1 1 1 1 1 1 0 0 0 0 1 1.345
0 1 1 1 0 1 1 0 0 0 1 1.516
0 1 0 0 0 1 0 0 1 0 0 0.706
1 1 1 0 0 1 0 0 1 0 1 0.736
1 0 1 1 0 1 1 0 0 0 1 1.532
1 0 0 0 0 1 0 0 0 0 0 0.908
1 0 1 1 1 1 0 0 0 0 1 1.36
1 0 0 0 0 1 1 0 0 0 0 1.002
0 1 0 1 0 1 0 0 1 0 0 0.674
